<svg xmlns="http://www.w3.org/2000/svg" width="1241" height="927" viewBox="0 0 1241 927">
  <g id="Grupo_1103034" data-name="Grupo 1103034" transform="translate(-180.333 -442)">
    <path id="Trazado_925328" data-name="Trazado 925328" d="M20,0H1220a20,20,0,0,1,20,20V907a20,20,0,0,1-20,20H20A20,20,0,0,1,0,907V20A20,20,0,0,1,20,0Z" transform="translate(181.333 442)" fill="#f6f6f6"/>
    <path id="Trazado_925331" data-name="Trazado 925331" d="M25,0H245a25,25,0,0,1,25,25V67a25,25,0,0,1-25,25H25A25,25,0,0,1,0,67V25A25,25,0,0,1,25,0Z" transform="translate(180.333 658)" fill="#4bb1a3"/>
    <path id="Trazado_925345" data-name="Trazado 925345" d="M25,0H165a25,25,0,0,1,25,25V47a25,25,0,0,1-25,25H25A25,25,0,0,1,0,47V25A25,25,0,0,1,25,0Z" transform="translate(1230.333 712)" fill="#4bb1a3"/>
    <path id="Trazado_925329" data-name="Trazado 925329" d="M22,0H273a22,22,0,0,1,0,44H22A22,22,0,0,1,22,0Z" transform="translate(495.333 553)" fill="#efc6ca"/>
    <path id="Trazado_925333" data-name="Trazado 925333" d="M22,0H273a22,22,0,0,1,0,44H22A22,22,0,0,1,22,0Z" transform="translate(495.333 691)" fill="#efc6ca"/>
    <path id="Trazado_925335" data-name="Trazado 925335" d="M22,0H244a22,22,0,0,1,0,44H22A22,22,0,0,1,22,0Z" transform="translate(839.333 684)" fill="#81c7c5"/>
    <path id="Trazado_925341" data-name="Trazado 925341" d="M25,0H241a25,25,0,0,1,25,25V44a25,25,0,0,1-25,25H25A25,25,0,0,1,0,44V25A25,25,0,0,1,25,0Z" transform="translate(839.333 830)" fill="#81c7c5"/>
    <path id="Trazado_925346" data-name="Trazado 925346" d="M25,0H241a25,25,0,0,1,25,25V44a25,25,0,0,1-25,25H25A25,25,0,0,1,0,44V25A25,25,0,0,1,25,0Z" transform="translate(839.333 913)" fill="#81c7c5"/>
    <path id="Trazado_925343" data-name="Trazado 925343" d="M22,0H273a22,22,0,0,1,0,44H22A22,22,0,0,1,22,0Z" transform="translate(495.333 884)" fill="#efc6ca"/>
    <path id="Trazado_925330" data-name="Trazado 925330" d="M12.578,14.186a5.193,5.193,0,0,1-.8,2.622A4.833,4.833,0,0,1,9.722,18.57,7,7,0,0,1,6.7,19.2a5.584,5.584,0,0,1-4.414-1.826A7.54,7.54,0,0,1,.674,12.213v-.7A8.607,8.607,0,0,1,1.4,7.853,5.513,5.513,0,0,1,3.5,5.431,5.844,5.844,0,0,1,6.66,4.576a6.129,6.129,0,0,1,4.16,1.362,5.383,5.383,0,0,1,1.787,3.755H9.189a2.547,2.547,0,0,0-.654-1.865A2.691,2.691,0,0,0,6.66,7.262a2.048,2.048,0,0,0-1.875.957,6.151,6.151,0,0,0-.625,3.057v1.006a6.806,6.806,0,0,0,.571,3.252A2.091,2.091,0,0,0,6.7,16.51a2.632,2.632,0,0,0,1.807-.557,2.363,2.363,0,0,0,.664-1.768Zm1.055-.566a6.236,6.236,0,0,1,.615-2.817,4.4,4.4,0,0,1,1.768-1.9,5.323,5.323,0,0,1,2.705-.664,4.858,4.858,0,0,1,3.74,1.47,5.64,5.64,0,0,1,1.367,4v.117a5.472,5.472,0,0,1-1.372,3.921A4.871,4.871,0,0,1,18.74,19.2a4.927,4.927,0,0,1-3.623-1.353,5.29,5.29,0,0,1-1.475-3.667Zm3.291.205a3.932,3.932,0,0,0,.459,2.148,1.529,1.529,0,0,0,1.357.684q1.758,0,1.8-2.705v-.332q0-2.842-1.816-2.842-1.65,0-1.787,2.451ZM31.67,11.412l-1.084-.078a1.947,1.947,0,0,0-1.992.977V19H25.3V8.434h3.086L28.5,9.791a2.548,2.548,0,0,1,2.314-1.553,3.209,3.209,0,0,1,.918.117Zm5.508-5.605V8.434h1.738v2.285H37.178v4.834a1.234,1.234,0,0,0,.215.83,1.152,1.152,0,0,0,.85.234,4.828,4.828,0,0,0,.82-.059v2.354a6.074,6.074,0,0,1-1.855.283,3.448,3.448,0,0,1-2.51-.8,3.282,3.282,0,0,1-.811-2.432V10.719H32.539V8.434h1.348V5.807ZM45.322,19.2a5.432,5.432,0,0,1-3.936-1.45,5.008,5.008,0,0,1-1.5-3.774V13.7a6.489,6.489,0,0,1,.6-2.861,4.395,4.395,0,0,1,1.753-1.919,5.292,5.292,0,0,1,2.734-.679A4.574,4.574,0,0,1,48.486,9.62a5.43,5.43,0,0,1,1.289,3.853v1.279H43.232a2.372,2.372,0,0,0,.771,1.4,2.3,2.3,0,0,0,1.543.508,2.958,2.958,0,0,0,2.441-1.094l1.5,1.777a4.2,4.2,0,0,1-1.743,1.353A5.891,5.891,0,0,1,45.322,19.2Zm-.371-8.418q-1.445,0-1.719,1.914h3.32v-.254a1.63,1.63,0,0,0-.4-1.226A1.593,1.593,0,0,0,44.951,10.777ZM60.3,14.391l1.758-5.957h3.525L61.279,20.768l-.186.449a3.272,3.272,0,0,1-3.242,2.051,5.158,5.158,0,0,1-1.357-.195V20.729h.43a2.251,2.251,0,0,0,1.06-.2,1.216,1.216,0,0,0,.542-.718l.264-.7L55.117,8.434h3.516ZM74.639,9.566a3.612,3.612,0,0,1,5.332-.293,4.651,4.651,0,0,1,.908,3.057V19h-3.3V12.408a1.86,1.86,0,0,0-.342-1.235,1.469,1.469,0,0,0-1.162-.4,1.582,1.582,0,0,0-1.436.645V19H71.348V4h3.291ZM87.822,19.2a5.432,5.432,0,0,1-3.936-1.45,5.008,5.008,0,0,1-1.5-3.774V13.7a6.489,6.489,0,0,1,.6-2.861,4.395,4.395,0,0,1,1.753-1.919,5.292,5.292,0,0,1,2.734-.679A4.574,4.574,0,0,1,90.986,9.62a5.43,5.43,0,0,1,1.289,3.853v1.279H85.732a2.372,2.372,0,0,0,.771,1.4,2.3,2.3,0,0,0,1.543.508,2.958,2.958,0,0,0,2.441-1.094l1.5,1.777a4.2,4.2,0,0,1-1.743,1.353A5.891,5.891,0,0,1,87.822,19.2Zm-.371-8.418q-1.445,0-1.719,1.914h3.32v-.254a1.63,1.63,0,0,0-.4-1.226A1.593,1.593,0,0,0,87.451,10.777Zm12.539.635-1.084-.078a1.947,1.947,0,0,0-1.992.977V19H93.623V8.434h3.086l.107,1.357a2.548,2.548,0,0,1,2.314-1.553,3.209,3.209,0,0,1,.918.117Zm7.578,0-1.084-.078a1.947,1.947,0,0,0-1.992.977V19H101.2V8.434h3.086l.107,1.357a2.548,2.548,0,0,1,2.314-1.553,3.209,3.209,0,0,1,.918.117ZM114.414,19a3.716,3.716,0,0,1-.312-.947,3.06,3.06,0,0,1-2.539,1.143,3.749,3.749,0,0,1-2.539-.9,2.875,2.875,0,0,1-1.045-2.271,2.955,2.955,0,0,1,1.27-2.6,6.468,6.468,0,0,1,3.691-.879h1.016v-.559q0-1.462-1.26-1.462a1.03,1.03,0,0,0-1.172,1.158h-3.291a2.95,2.95,0,0,1,1.3-2.487,5.479,5.479,0,0,1,3.325-.956,4.8,4.8,0,0,1,3.193.986,3.429,3.429,0,0,1,1.2,2.705v4.678a4.79,4.79,0,0,0,.449,2.227V19Zm-2.061-2.148a1.836,1.836,0,0,0,1.021-.264,1.653,1.653,0,0,0,.581-.6V14.3H113q-1.719,0-1.719,1.543a.942.942,0,0,0,.3.728A1.1,1.1,0,0,0,112.354,16.852Zm9.834-8.418.107,1.24a3.633,3.633,0,0,1,3.018-1.436,2.675,2.675,0,0,1,2.705,1.592,3.516,3.516,0,0,1,3.105-1.592q3.213,0,3.3,3.887V19h-3.3V12.33a2.014,2.014,0,0,0-.273-1.182,1.164,1.164,0,0,0-1-.371,1.559,1.559,0,0,0-1.455.869l.01.137V19h-3.3V12.35a2.117,2.117,0,0,0-.264-1.2,1.161,1.161,0,0,0-1.006-.371,1.578,1.578,0,0,0-1.445.869V19H119.1V8.434ZM139.775,19h-3.3V8.434h3.3Zm-3.5-13.291a1.469,1.469,0,0,1,.508-1.152,2.159,2.159,0,0,1,2.637,0,1.469,1.469,0,0,1,.508,1.152,1.469,1.469,0,0,1-.508,1.152,2.159,2.159,0,0,1-2.637,0A1.469,1.469,0,0,1,136.279,5.709ZM146.914,19.2a5.432,5.432,0,0,1-3.936-1.45,5.008,5.008,0,0,1-1.5-3.774V13.7a6.489,6.489,0,0,1,.6-2.861,4.395,4.395,0,0,1,1.753-1.919,5.292,5.292,0,0,1,2.734-.679,4.574,4.574,0,0,1,3.516,1.382,5.43,5.43,0,0,1,1.289,3.853v1.279h-6.543a2.372,2.372,0,0,0,.771,1.4,2.3,2.3,0,0,0,1.543.508,2.958,2.958,0,0,0,2.441-1.094l1.5,1.777a4.2,4.2,0,0,1-1.743,1.353A5.891,5.891,0,0,1,146.914,19.2Zm-.371-8.418q-1.445,0-1.719,1.914h3.32v-.254a1.63,1.63,0,0,0-.4-1.226A1.593,1.593,0,0,0,146.543,10.777Zm9.17-2.344.107,1.24a3.583,3.583,0,0,1,3.018-1.436,3.015,3.015,0,0,1,2.466.986,4.7,4.7,0,0,1,.845,2.969V19h-3.3V12.33a1.783,1.783,0,0,0-.322-1.177,1.491,1.491,0,0,0-1.172-.376,1.569,1.569,0,0,0-1.436.762V19h-3.291V8.434ZM167.8,5.807V8.434h1.738v2.285H167.8v4.834a1.234,1.234,0,0,0,.215.83,1.152,1.152,0,0,0,.85.234,4.828,4.828,0,0,0,.82-.059v2.354a6.074,6.074,0,0,1-1.855.283,3.448,3.448,0,0,1-2.51-.8,3.282,3.282,0,0,1-.811-2.432V10.719h-1.348V8.434h1.348V5.807ZM176.787,19a3.716,3.716,0,0,1-.312-.947,3.06,3.06,0,0,1-2.539,1.143,3.749,3.749,0,0,1-2.539-.9,2.875,2.875,0,0,1-1.045-2.271,2.955,2.955,0,0,1,1.27-2.6,6.468,6.468,0,0,1,3.691-.879h1.016v-.559q0-1.462-1.26-1.462a1.03,1.03,0,0,0-1.172,1.158h-3.291a2.95,2.95,0,0,1,1.3-2.487,5.479,5.479,0,0,1,3.325-.956,4.8,4.8,0,0,1,3.193.986,3.429,3.429,0,0,1,1.2,2.705v4.678a4.79,4.79,0,0,0,.449,2.227V19Zm-2.061-2.148a1.836,1.836,0,0,0,1.021-.264,1.653,1.653,0,0,0,.581-.6V14.3h-.957q-1.719,0-1.719,1.543a.942.942,0,0,0,.3.728A1.1,1.1,0,0,0,174.727,16.852Zm12.256-.82a.76.76,0,0,0-.439-.674,6.685,6.685,0,0,0-1.67-.527,7.615,7.615,0,0,1-2.031-.718,3.4,3.4,0,0,1-1.221-1.079,2.577,2.577,0,0,1-.42-1.455,2.92,2.92,0,0,1,1.2-2.4,4.948,4.948,0,0,1,3.145-.942,5.482,5.482,0,0,1,3.359.947,2.962,2.962,0,0,1,1.27,2.49h-3.3q0-1.27-1.338-1.27a1.326,1.326,0,0,0-.869.288.892.892,0,0,0-.352.718.819.819,0,0,0,.43.713,4.06,4.06,0,0,0,1.372.449,11.857,11.857,0,0,1,1.655.42,3.007,3.007,0,0,1,2.383,2.939,2.767,2.767,0,0,1-1.284,2.354,5.632,5.632,0,0,1-3.325.908,5.747,5.747,0,0,1-2.422-.488,4.05,4.05,0,0,1-1.66-1.328,3.007,3.007,0,0,1-.6-1.768h3.076a1.272,1.272,0,0,0,.488,1.069,2.009,2.009,0,0,0,1.2.337,1.58,1.58,0,0,0,1.011-.273A.875.875,0,0,0,186.982,16.031Z" transform="translate(525.333 563)" fill="#12263f"/>
    <path id="Trazado_925347" data-name="Trazado 925347" d="M16.43,16.344h-4.7L10.912,19H7.25L12.465,4.781h3.223L20.941,19H17.26ZM12.553,13.7h3.057L14.076,8.766Zm13.74,2.959a1.464,1.464,0,0,0,1.074-.376,1.379,1.379,0,0,0,.371-1.05h3.086a3.653,3.653,0,0,1-1.245,2.852A4.631,4.631,0,0,1,26.371,19.2a4.689,4.689,0,0,1-3.633-1.445,5.7,5.7,0,0,1-1.328-4v-.137A6.436,6.436,0,0,1,22,10.782a4.3,4.3,0,0,1,1.7-1.885,5.081,5.081,0,0,1,2.637-.659,4.573,4.573,0,0,1,3.271,1.143,4.053,4.053,0,0,1,1.211,3.1H27.738a1.807,1.807,0,0,0-.4-1.26,1.382,1.382,0,0,0-1.074-.439q-1.279,0-1.494,1.631a11.508,11.508,0,0,0-.068,1.426,4.52,4.52,0,0,0,.381,2.207A1.319,1.319,0,0,0,26.293,16.656Zm9.756-10.85V8.434h1.738v2.285H36.049v4.834a1.234,1.234,0,0,0,.215.83,1.152,1.152,0,0,0,.85.234,4.828,4.828,0,0,0,.82-.059v2.354a6.074,6.074,0,0,1-1.855.283,3.448,3.448,0,0,1-2.51-.8,3.282,3.282,0,0,1-.811-2.432V10.719H31.41V8.434h1.348V5.807ZM42.553,19h-3.3V8.434h3.3Zm-3.5-13.291a1.469,1.469,0,0,1,.508-1.152,2.159,2.159,0,0,1,2.637,0,1.469,1.469,0,0,1,.508,1.152A1.469,1.469,0,0,1,42.2,6.861a2.159,2.159,0,0,1-2.637,0A1.469,1.469,0,0,1,39.057,5.709Zm9.736,9.375,1.67-6.65H53.93L50.482,19H47.123L43.676,8.434h3.477ZM58.383,19h-3.3V8.434h3.3Zm-3.5-13.291a1.469,1.469,0,0,1,.508-1.152,2.159,2.159,0,0,1,2.637,0,1.469,1.469,0,0,1,.508,1.152,1.469,1.469,0,0,1-.508,1.152,2.159,2.159,0,0,1-2.637,0A1.469,1.469,0,0,1,54.887,5.709Zm5.107,7.93a6.455,6.455,0,0,1,1.084-3.955,3.568,3.568,0,0,1,3.027-1.445,3.035,3.035,0,0,1,2.383,1.113V4h3.3V19H66.83l-.166-1.133A3.116,3.116,0,0,1,64.086,19.2,3.562,3.562,0,0,1,61.1,17.75,6.659,6.659,0,0,1,59.994,13.639Zm3.291.205q0,2.813,1.641,2.813a1.62,1.62,0,0,0,1.563-.918V11.715a1.576,1.576,0,0,0-1.543-.937q-1.523,0-1.65,2.461ZM77.611,19a3.716,3.716,0,0,1-.312-.947A3.06,3.06,0,0,1,74.76,19.2a3.749,3.749,0,0,1-2.539-.9,2.875,2.875,0,0,1-1.045-2.271,2.955,2.955,0,0,1,1.27-2.6,6.468,6.468,0,0,1,3.691-.879h1.016v-.559q0-1.462-1.26-1.462a1.03,1.03,0,0,0-1.172,1.158H71.43a2.95,2.95,0,0,1,1.3-2.487,5.479,5.479,0,0,1,3.325-.956,4.8,4.8,0,0,1,3.193.986,3.429,3.429,0,0,1,1.2,2.705v4.678a4.79,4.79,0,0,0,.449,2.227V19Zm-2.061-2.148a1.836,1.836,0,0,0,1.021-.264,1.653,1.653,0,0,0,.581-.6V14.3H76.2q-1.719,0-1.719,1.543a.942.942,0,0,0,.3.728A1.1,1.1,0,0,0,75.551,16.852Zm6.309-3.213a6.455,6.455,0,0,1,1.084-3.955,3.568,3.568,0,0,1,3.027-1.445,3.035,3.035,0,0,1,2.383,1.113V4h3.3V19H88.7l-.166-1.133A3.116,3.116,0,0,1,85.951,19.2a3.562,3.562,0,0,1-2.988-1.445A6.659,6.659,0,0,1,81.859,13.639Zm3.291.205q0,2.813,1.641,2.813a1.62,1.62,0,0,0,1.563-.918V11.715a1.576,1.576,0,0,0-1.543-.937q-1.523,0-1.65,2.461Zm12.939-.205a6.455,6.455,0,0,1,1.084-3.955A3.568,3.568,0,0,1,102.2,8.238a3.035,3.035,0,0,1,2.383,1.113V4h3.3V19h-2.959l-.166-1.133a3.116,3.116,0,0,1-2.578,1.328,3.562,3.562,0,0,1-2.988-1.445A6.659,6.659,0,0,1,98.09,13.639Zm3.291.205q0,2.813,1.641,2.813a1.62,1.62,0,0,0,1.563-.918V11.715a1.576,1.576,0,0,0-1.543-.937q-1.523,0-1.65,2.461ZM114.867,19.2a5.432,5.432,0,0,1-3.936-1.45,5.008,5.008,0,0,1-1.5-3.774V13.7a6.489,6.489,0,0,1,.6-2.861,4.395,4.395,0,0,1,1.753-1.919,5.292,5.292,0,0,1,2.734-.679,4.574,4.574,0,0,1,3.516,1.382,5.43,5.43,0,0,1,1.289,3.853v1.279h-6.543a2.372,2.372,0,0,0,.771,1.4,2.3,2.3,0,0,0,1.543.508,2.958,2.958,0,0,0,2.441-1.094l1.5,1.777a4.2,4.2,0,0,1-1.743,1.353A5.891,5.891,0,0,1,114.867,19.2Zm-.371-8.418q-1.445,0-1.719,1.914h3.32v-.254a1.63,1.63,0,0,0-.4-1.226A1.593,1.593,0,0,0,114.5,10.777ZM17.685,46a3.716,3.716,0,0,1-.312-.947A3.06,3.06,0,0,1,14.833,46.2a3.749,3.749,0,0,1-2.539-.9,2.875,2.875,0,0,1-1.045-2.271,2.955,2.955,0,0,1,1.27-2.6,6.468,6.468,0,0,1,3.691-.879h1.016v-.559q0-1.462-1.26-1.462a1.03,1.03,0,0,0-1.172,1.158H11.5a2.95,2.95,0,0,1,1.3-2.487,5.479,5.479,0,0,1,3.325-.956,4.8,4.8,0,0,1,3.193.986,3.429,3.429,0,0,1,1.2,2.705v4.678a4.79,4.79,0,0,0,.449,2.227V46Zm-2.061-2.148a1.836,1.836,0,0,0,1.021-.264,1.653,1.653,0,0,0,.581-.6V41.3h-.957q-1.719,0-1.719,1.543a.942.942,0,0,0,.3.728A1.1,1.1,0,0,0,15.624,43.852Zm16.533-3.057a6.372,6.372,0,0,1-1.108,3.931,3.554,3.554,0,0,1-2.993,1.47,3.046,3.046,0,0,1-2.393-1.064v4.932H22.372V35.434h3.076l.1.977a3.046,3.046,0,0,1,2.49-1.172,3.582,3.582,0,0,1,3.037,1.44,6.45,6.45,0,0,1,1.084,3.96Zm-3.291-.205q0-2.812-1.641-2.812a1.549,1.549,0,0,0-1.562.84v4.16a1.6,1.6,0,0,0,1.582.879q1.572,0,1.621-2.715ZM40,38.412l-1.084-.078a1.947,1.947,0,0,0-1.992.977V46H33.632V35.434h3.086l.107,1.357a2.548,2.548,0,0,1,2.314-1.553,3.209,3.209,0,0,1,.918.117ZM46.112,46.2a5.432,5.432,0,0,1-3.936-1.45,5.008,5.008,0,0,1-1.5-3.774V40.7a6.489,6.489,0,0,1,.6-2.861,4.395,4.395,0,0,1,1.753-1.919,5.292,5.292,0,0,1,2.734-.679,4.574,4.574,0,0,1,3.516,1.382,5.43,5.43,0,0,1,1.289,3.853v1.279H44.022a2.372,2.372,0,0,0,.771,1.4,2.3,2.3,0,0,0,1.543.508,2.958,2.958,0,0,0,2.441-1.094l1.5,1.777a4.2,4.2,0,0,1-1.743,1.353A5.891,5.891,0,0,1,46.112,46.2Zm-.371-8.418q-1.445,0-1.719,1.914h3.32v-.254a1.63,1.63,0,0,0-.4-1.226A1.593,1.593,0,0,0,45.741,37.777Zm9.17-2.344.107,1.24a3.583,3.583,0,0,1,3.018-1.436,3.015,3.015,0,0,1,2.466.986,4.7,4.7,0,0,1,.845,2.969V46h-3.3V39.33a1.783,1.783,0,0,0-.322-1.177,1.491,1.491,0,0,0-1.172-.376,1.569,1.569,0,0,0-1.436.762V46H51.825V35.434Zm7.842,5.205a6.455,6.455,0,0,1,1.084-3.955,3.568,3.568,0,0,1,3.027-1.445,3.035,3.035,0,0,1,2.383,1.113V31h3.3V46H69.589l-.166-1.133A3.116,3.116,0,0,1,66.845,46.2a3.562,3.562,0,0,1-2.988-1.445A6.659,6.659,0,0,1,62.753,40.639Zm3.291.205q0,2.813,1.641,2.813a1.62,1.62,0,0,0,1.563-.918V38.715a1.576,1.576,0,0,0-1.543-.937q-1.523,0-1.65,2.461ZM77.89,46h-3.3V35.434h3.3Zm-3.5-13.291a1.469,1.469,0,0,1,.508-1.152,2.159,2.159,0,0,1,2.637,0,1.561,1.561,0,0,1,0,2.3,2.159,2.159,0,0,1-2.637,0A1.469,1.469,0,0,1,74.394,32.709Zm9.4,10.752h4.814V46H79.638V44.164l4.688-6.191H79.843V35.434H88.5v1.777ZM96.161,46a3.716,3.716,0,0,1-.312-.947A3.06,3.06,0,0,1,93.31,46.2a3.749,3.749,0,0,1-2.539-.9,2.875,2.875,0,0,1-1.045-2.271,2.955,2.955,0,0,1,1.27-2.6,6.468,6.468,0,0,1,3.691-.879H95.7v-.559q0-1.462-1.26-1.462a1.03,1.03,0,0,0-1.172,1.158H89.979a2.95,2.95,0,0,1,1.3-2.487,5.479,5.479,0,0,1,3.325-.956,4.8,4.8,0,0,1,3.193.986A3.429,3.429,0,0,1,99,38.93v4.678a4.79,4.79,0,0,0,.449,2.227V46ZM94.1,43.852a1.836,1.836,0,0,0,1.021-.264,1.653,1.653,0,0,0,.581-.6V41.3h-.957q-1.719,0-1.719,1.543a.942.942,0,0,0,.3.728A1.1,1.1,0,0,0,94.1,43.852Zm10.264-8.418V46.361a3.836,3.836,0,0,1-1.074,2.891,4.127,4.127,0,0,1-2.969,1.016,7.009,7.009,0,0,1-1.553-.166v-2.49a6.3,6.3,0,0,0,.928.088,1.2,1.2,0,0,0,1.367-1.357V35.434Zm-3.545-2.725a1.469,1.469,0,0,1,.508-1.152,2.159,2.159,0,0,1,2.637,0,1.561,1.561,0,0,1,0,2.3,2.159,2.159,0,0,1-2.637,0A1.469,1.469,0,0,1,100.819,32.709ZM111.337,46.2a5.432,5.432,0,0,1-3.936-1.45,5.008,5.008,0,0,1-1.5-3.774V40.7a6.489,6.489,0,0,1,.6-2.861,4.395,4.395,0,0,1,1.753-1.919,5.292,5.292,0,0,1,2.734-.679A4.574,4.574,0,0,1,114.5,36.62a5.43,5.43,0,0,1,1.289,3.853v1.279h-6.543a2.372,2.372,0,0,0,.771,1.4,2.3,2.3,0,0,0,1.543.508A2.958,2.958,0,0,0,114,42.563l1.5,1.777a4.2,4.2,0,0,1-1.743,1.353A5.891,5.891,0,0,1,111.337,46.2Zm-.371-8.418q-1.445,0-1.719,1.914h3.32v-.254a1.63,1.63,0,0,0-.4-1.226A1.593,1.593,0,0,0,110.966,37.777Z" transform="translate(1262.333 723)" fill="#12263f"/>
    <path id="Trazado_925334" data-name="Trazado 925334" d="M5.576,4.781,8.75,14.674l3.164-9.893h4.512V19H12.988V15.68l.332-6.8L9.883,19H7.617L4.17,8.873,4.5,15.68V19H1.074V4.781ZM24.4,19a3.716,3.716,0,0,1-.312-.947A3.06,3.06,0,0,1,21.553,19.2a3.749,3.749,0,0,1-2.539-.9,2.875,2.875,0,0,1-1.045-2.271,2.955,2.955,0,0,1,1.27-2.6,6.468,6.468,0,0,1,3.691-.879h1.016v-.559q0-1.462-1.26-1.462a1.03,1.03,0,0,0-1.172,1.158H18.223a2.95,2.95,0,0,1,1.3-2.487,5.479,5.479,0,0,1,3.325-.956,4.8,4.8,0,0,1,3.193.986,3.429,3.429,0,0,1,1.2,2.705v4.678a4.79,4.79,0,0,0,.449,2.227V19Zm-2.061-2.148a1.836,1.836,0,0,0,1.021-.264,1.653,1.653,0,0,0,.581-.6V14.3h-.957q-1.719,0-1.719,1.543a.942.942,0,0,0,.3.728A1.1,1.1,0,0,0,22.344,16.852ZM23.164,4h3.477L23.926,7.066l-2.686,0Zm5.488,9.609a6.343,6.343,0,0,1,1.094-3.945,3.592,3.592,0,0,1,3.018-1.426,3.068,3.068,0,0,1,2.6,1.328L35.6,8.434h2.852V23.063h-3.3V18.121a3.063,3.063,0,0,1-2.4,1.074,3.561,3.561,0,0,1-2.983-1.45A6.7,6.7,0,0,1,28.652,13.609Zm3.291.205q0,2.842,1.641,2.842a1.589,1.589,0,0,0,1.563-.859v-4.18a1.555,1.555,0,0,0-1.543-.84q-1.533,0-1.65,2.451ZM46.6,17.857A3.393,3.393,0,0,1,43.779,19.2a3.328,3.328,0,0,1-2.632-1.011,4.251,4.251,0,0,1-.894-2.905V8.434h3.291V15.3a1.183,1.183,0,0,0,1.318,1.357,1.72,1.72,0,0,0,1.611-.811V8.434h3.311V19H46.7ZM55.059,19h-3.3V8.434h3.3Zm-3.5-13.291a1.469,1.469,0,0,1,.508-1.152,2.159,2.159,0,0,1,2.637,0,1.469,1.469,0,0,1,.508,1.152,1.469,1.469,0,0,1-.508,1.152,2.159,2.159,0,0,1-2.637,0A1.469,1.469,0,0,1,51.563,5.709Zm8.545,2.725.107,1.24a3.583,3.583,0,0,1,3.018-1.436,3.015,3.015,0,0,1,2.466.986,4.7,4.7,0,0,1,.845,2.969V19h-3.3V12.33a1.783,1.783,0,0,0-.322-1.177,1.491,1.491,0,0,0-1.172-.376,1.569,1.569,0,0,0-1.436.762V19H57.021V8.434ZM74.316,19A3.716,3.716,0,0,1,74,18.053,3.06,3.06,0,0,1,71.465,19.2a3.749,3.749,0,0,1-2.539-.9,2.875,2.875,0,0,1-1.045-2.271,2.955,2.955,0,0,1,1.27-2.6,6.468,6.468,0,0,1,3.691-.879h1.016v-.559q0-1.462-1.26-1.462a1.03,1.03,0,0,0-1.172,1.158H68.135a2.95,2.95,0,0,1,1.3-2.487,5.479,5.479,0,0,1,3.325-.956,4.8,4.8,0,0,1,3.193.986,3.429,3.429,0,0,1,1.2,2.705v4.678a4.79,4.79,0,0,0,.449,2.227V19Zm-2.061-2.148a1.836,1.836,0,0,0,1.021-.264,1.653,1.653,0,0,0,.581-.6V14.3H72.9q-1.719,0-1.719,1.543a.942.942,0,0,0,.3.728A1.1,1.1,0,0,0,72.256,16.852Zm12.256-.82a.76.76,0,0,0-.439-.674,6.685,6.685,0,0,0-1.67-.527,7.615,7.615,0,0,1-2.031-.718,3.4,3.4,0,0,1-1.221-1.079,2.577,2.577,0,0,1-.42-1.455,2.92,2.92,0,0,1,1.2-2.4,4.948,4.948,0,0,1,3.145-.942,5.482,5.482,0,0,1,3.359.947,2.962,2.962,0,0,1,1.27,2.49H84.4q0-1.27-1.338-1.27a1.326,1.326,0,0,0-.869.288.892.892,0,0,0-.352.718.819.819,0,0,0,.43.713,4.06,4.06,0,0,0,1.372.449,11.857,11.857,0,0,1,1.655.42,3.007,3.007,0,0,1,2.383,2.939A2.767,2.767,0,0,1,86.4,18.287a5.631,5.631,0,0,1-3.325.908,5.747,5.747,0,0,1-2.422-.488,4.05,4.05,0,0,1-1.66-1.328,3.007,3.007,0,0,1-.6-1.768h3.076a1.272,1.272,0,0,0,.488,1.069,2.009,2.009,0,0,0,1.2.337,1.58,1.58,0,0,0,1.011-.273A.875.875,0,0,0,84.512,16.031Zm19.5-2.227a6.44,6.44,0,0,1-1.074,3.994,3.6,3.6,0,0,1-3.027,1.4,3.122,3.122,0,0,1-2.6-1.279L97.178,19H94.229V4H97.52V9.283a3.013,3.013,0,0,1,2.373-1.045,3.6,3.6,0,0,1,3.047,1.416,6.473,6.473,0,0,1,1.074,3.984Zm-3.3-.21a4.3,4.3,0,0,0-.405-2.169,1.366,1.366,0,0,0-1.245-.648,1.576,1.576,0,0,0-1.543.848v4.192a1.585,1.585,0,0,0,1.563.838,1.4,1.4,0,0,0,1.475-1.131A8.121,8.121,0,0,0,100.713,13.595ZM111.416,19a3.716,3.716,0,0,1-.312-.947,3.06,3.06,0,0,1-2.539,1.143,3.749,3.749,0,0,1-2.539-.9,2.875,2.875,0,0,1-1.045-2.271,2.955,2.955,0,0,1,1.27-2.6,6.468,6.468,0,0,1,3.691-.879h1.016v-.559q0-1.462-1.26-1.462a1.03,1.03,0,0,0-1.172,1.158h-3.291a2.95,2.95,0,0,1,1.3-2.487,5.479,5.479,0,0,1,3.325-.956,4.8,4.8,0,0,1,3.193.986,3.429,3.429,0,0,1,1.2,2.705v4.678a4.79,4.79,0,0,0,.449,2.227V19Zm-2.061-2.148a1.836,1.836,0,0,0,1.021-.264,1.653,1.653,0,0,0,.581-.6V14.3H110q-1.719,0-1.719,1.543a.942.942,0,0,0,.3.728A1.1,1.1,0,0,0,109.355,16.852ZM110.176,4h3.477l-2.715,3.066-2.686,0Zm11.436,12.031a.76.76,0,0,0-.439-.674,6.685,6.685,0,0,0-1.67-.527,7.615,7.615,0,0,1-2.031-.718,3.4,3.4,0,0,1-1.221-1.079,2.577,2.577,0,0,1-.42-1.455,2.92,2.92,0,0,1,1.2-2.4,4.948,4.948,0,0,1,3.145-.942,5.482,5.482,0,0,1,3.359.947,2.962,2.962,0,0,1,1.27,2.49h-3.3q0-1.27-1.338-1.27a1.326,1.326,0,0,0-.869.288.892.892,0,0,0-.352.718.819.819,0,0,0,.43.713,4.06,4.06,0,0,0,1.372.449,11.857,11.857,0,0,1,1.655.42,3.007,3.007,0,0,1,2.383,2.939,2.767,2.767,0,0,1-1.284,2.354,5.631,5.631,0,0,1-3.325.908,5.747,5.747,0,0,1-2.422-.488,4.05,4.05,0,0,1-1.66-1.328,3.007,3.007,0,0,1-.6-1.768h3.076a1.272,1.272,0,0,0,.488,1.069,2.009,2.009,0,0,0,1.2.337,1.58,1.58,0,0,0,1.011-.273A.875.875,0,0,0,121.611,16.031ZM129.795,19h-3.3V8.434h3.3ZM126.3,5.709a1.469,1.469,0,0,1,.508-1.152,2.159,2.159,0,0,1,2.637,0,1.469,1.469,0,0,1,.508,1.152,1.469,1.469,0,0,1-.508,1.152,2.159,2.159,0,0,1-2.637,0A1.469,1.469,0,0,1,126.3,5.709Zm9.99,10.947a1.464,1.464,0,0,0,1.074-.376,1.379,1.379,0,0,0,.371-1.05h3.086a3.653,3.653,0,0,1-1.245,2.852,4.631,4.631,0,0,1-3.208,1.113,4.689,4.689,0,0,1-3.633-1.445,5.7,5.7,0,0,1-1.328-4v-.137A6.436,6.436,0,0,1,132,10.782,4.3,4.3,0,0,1,133.7,8.9a5.081,5.081,0,0,1,2.637-.659,4.573,4.573,0,0,1,3.271,1.143,4.053,4.053,0,0,1,1.211,3.1h-3.086a1.807,1.807,0,0,0-.4-1.26,1.382,1.382,0,0,0-1.074-.439q-1.279,0-1.494,1.631a11.507,11.507,0,0,0-.068,1.426,4.52,4.52,0,0,0,.381,2.207A1.319,1.319,0,0,0,136.289,16.656ZM148.164,19a3.716,3.716,0,0,1-.312-.947,3.06,3.06,0,0,1-2.539,1.143,3.749,3.749,0,0,1-2.539-.9,2.875,2.875,0,0,1-1.045-2.271,2.955,2.955,0,0,1,1.27-2.6,6.468,6.468,0,0,1,3.691-.879h1.016v-.559q0-1.462-1.26-1.462a1.03,1.03,0,0,0-1.172,1.158h-3.291a2.95,2.95,0,0,1,1.3-2.487,5.479,5.479,0,0,1,3.325-.956,4.8,4.8,0,0,1,3.193.986,3.429,3.429,0,0,1,1.2,2.705v4.678a4.79,4.79,0,0,0,.449,2.227V19ZM146.1,16.852a1.836,1.836,0,0,0,1.021-.264,1.653,1.653,0,0,0,.581-.6V14.3h-.957q-1.719,0-1.719,1.543a.942.942,0,0,0,.3.728A1.1,1.1,0,0,0,146.1,16.852Zm12.256-.82a.76.76,0,0,0-.439-.674,6.685,6.685,0,0,0-1.67-.527,7.615,7.615,0,0,1-2.031-.718A3.4,3.4,0,0,1,153,13.033a2.577,2.577,0,0,1-.42-1.455,2.92,2.92,0,0,1,1.2-2.4,4.948,4.948,0,0,1,3.145-.942,5.482,5.482,0,0,1,3.359.947,2.962,2.962,0,0,1,1.27,2.49h-3.3q0-1.27-1.338-1.27a1.326,1.326,0,0,0-.869.288.892.892,0,0,0-.352.718.819.819,0,0,0,.43.713,4.06,4.06,0,0,0,1.372.449,11.857,11.857,0,0,1,1.655.42,3.007,3.007,0,0,1,2.383,2.939,2.767,2.767,0,0,1-1.284,2.354,5.632,5.632,0,0,1-3.325.908,5.747,5.747,0,0,1-2.422-.488,4.05,4.05,0,0,1-1.66-1.328,3.007,3.007,0,0,1-.6-1.768h3.076a1.272,1.272,0,0,0,.488,1.069,2.009,2.009,0,0,0,1.2.337,1.58,1.58,0,0,0,1.011-.273A.875.875,0,0,0,158.359,16.031Z" transform="translate(537.333 701)" fill="#12263f"/>
    <path id="Trazado_925338" data-name="Trazado 925338" d="M5.576,4.781,8.75,14.674l3.164-9.893h4.512V19H12.988V15.68l.332-6.8L9.883,19H7.617L4.17,8.873,4.5,15.68V19H1.074V4.781ZM24.4,19a3.716,3.716,0,0,1-.312-.947A3.06,3.06,0,0,1,21.553,19.2a3.749,3.749,0,0,1-2.539-.9,2.875,2.875,0,0,1-1.045-2.271,2.955,2.955,0,0,1,1.27-2.6,6.468,6.468,0,0,1,3.691-.879h1.016v-.559q0-1.462-1.26-1.462a1.03,1.03,0,0,0-1.172,1.158H18.223a2.95,2.95,0,0,1,1.3-2.487,5.479,5.479,0,0,1,3.325-.956,4.8,4.8,0,0,1,3.193.986,3.429,3.429,0,0,1,1.2,2.705v4.678a4.79,4.79,0,0,0,.449,2.227V19Zm-2.061-2.148a1.836,1.836,0,0,0,1.021-.264,1.653,1.653,0,0,0,.581-.6V14.3h-.957q-1.719,0-1.719,1.543a.942.942,0,0,0,.3.728A1.1,1.1,0,0,0,22.344,16.852ZM23.164,4h3.477L23.926,7.066l-2.686,0Zm5.488,9.609a6.343,6.343,0,0,1,1.094-3.945,3.592,3.592,0,0,1,3.018-1.426,3.068,3.068,0,0,1,2.6,1.328L35.6,8.434h2.852V23.063h-3.3V18.121a3.063,3.063,0,0,1-2.4,1.074,3.561,3.561,0,0,1-2.983-1.45A6.7,6.7,0,0,1,28.652,13.609Zm3.291.205q0,2.842,1.641,2.842a1.589,1.589,0,0,0,1.563-.859v-4.18a1.555,1.555,0,0,0-1.543-.84q-1.533,0-1.65,2.451ZM46.6,17.857A3.393,3.393,0,0,1,43.779,19.2a3.328,3.328,0,0,1-2.632-1.011,4.251,4.251,0,0,1-.894-2.905V8.434h3.291V15.3a1.183,1.183,0,0,0,1.318,1.357,1.72,1.72,0,0,0,1.611-.811V8.434h3.311V19H46.7ZM55.059,19h-3.3V8.434h3.3Zm-3.5-13.291a1.469,1.469,0,0,1,.508-1.152,2.159,2.159,0,0,1,2.637,0,1.469,1.469,0,0,1,.508,1.152,1.469,1.469,0,0,1-.508,1.152,2.159,2.159,0,0,1-2.637,0A1.469,1.469,0,0,1,51.563,5.709Zm8.545,2.725.107,1.24a3.583,3.583,0,0,1,3.018-1.436,3.015,3.015,0,0,1,2.466.986,4.7,4.7,0,0,1,.845,2.969V19h-3.3V12.33a1.783,1.783,0,0,0-.322-1.177,1.491,1.491,0,0,0-1.172-.376,1.569,1.569,0,0,0-1.436.762V19H57.021V8.434ZM74.316,19A3.716,3.716,0,0,1,74,18.053,3.06,3.06,0,0,1,71.465,19.2a3.749,3.749,0,0,1-2.539-.9,2.875,2.875,0,0,1-1.045-2.271,2.955,2.955,0,0,1,1.27-2.6,6.468,6.468,0,0,1,3.691-.879h1.016v-.559q0-1.462-1.26-1.462a1.03,1.03,0,0,0-1.172,1.158H68.135a2.95,2.95,0,0,1,1.3-2.487,5.479,5.479,0,0,1,3.325-.956,4.8,4.8,0,0,1,3.193.986,3.429,3.429,0,0,1,1.2,2.705v4.678a4.79,4.79,0,0,0,.449,2.227V19Zm-2.061-2.148a1.836,1.836,0,0,0,1.021-.264,1.653,1.653,0,0,0,.581-.6V14.3H72.9q-1.719,0-1.719,1.543a.942.942,0,0,0,.3.728A1.1,1.1,0,0,0,72.256,16.852Zm12.256-.82a.76.76,0,0,0-.439-.674,6.685,6.685,0,0,0-1.67-.527,7.615,7.615,0,0,1-2.031-.718,3.4,3.4,0,0,1-1.221-1.079,2.577,2.577,0,0,1-.42-1.455,2.92,2.92,0,0,1,1.2-2.4,4.948,4.948,0,0,1,3.145-.942,5.482,5.482,0,0,1,3.359.947,2.962,2.962,0,0,1,1.27,2.49H84.4q0-1.27-1.338-1.27a1.326,1.326,0,0,0-.869.288.892.892,0,0,0-.352.718.819.819,0,0,0,.43.713,4.06,4.06,0,0,0,1.372.449,11.857,11.857,0,0,1,1.655.42,3.007,3.007,0,0,1,2.383,2.939A2.767,2.767,0,0,1,86.4,18.287a5.631,5.631,0,0,1-3.325.908,5.747,5.747,0,0,1-2.422-.488,4.05,4.05,0,0,1-1.66-1.328,3.007,3.007,0,0,1-.6-1.768h3.076a1.272,1.272,0,0,0,.488,1.069,2.009,2.009,0,0,0,1.2.337,1.58,1.58,0,0,0,1.011-.273A.875.875,0,0,0,84.512,16.031ZM94.932,19V10.719H93.4V8.434h1.533v-.84A3.651,3.651,0,0,1,96,4.791a4.206,4.206,0,0,1,2.988-1A6.544,6.544,0,0,1,100.527,4l.01,2.422a3.007,3.007,0,0,0-.811-.088q-1.494,0-1.494,1.289v.811h2.061v2.285H98.232V19ZM107.4,19a3.716,3.716,0,0,1-.312-.947,3.06,3.06,0,0,1-2.539,1.143,3.749,3.749,0,0,1-2.539-.9,2.875,2.875,0,0,1-1.045-2.271,2.955,2.955,0,0,1,1.27-2.6,6.468,6.468,0,0,1,3.691-.879h1.016v-.559q0-1.462-1.26-1.462a1.03,1.03,0,0,0-1.172,1.158h-3.291a2.95,2.95,0,0,1,1.3-2.487,5.479,5.479,0,0,1,3.325-.956,4.8,4.8,0,0,1,3.193.986,3.429,3.429,0,0,1,1.2,2.705v4.678a4.79,4.79,0,0,0,.449,2.227V19Zm-2.061-2.148a1.836,1.836,0,0,0,1.021-.264,1.653,1.653,0,0,0,.581-.6V14.3h-.957q-1.719,0-1.719,1.543a.942.942,0,0,0,.3.728A1.1,1.1,0,0,0,105.342,16.852Zm9.834-8.418.107,1.24A3.633,3.633,0,0,1,118.3,8.238a2.675,2.675,0,0,1,2.705,1.592,3.517,3.517,0,0,1,3.105-1.592q3.213,0,3.3,3.887V19h-3.3V12.33a2.014,2.014,0,0,0-.273-1.182,1.164,1.164,0,0,0-1-.371,1.559,1.559,0,0,0-1.455.869l.01.137V19h-3.3V12.35a2.117,2.117,0,0,0-.264-1.2,1.161,1.161,0,0,0-1.006-.371,1.578,1.578,0,0,0-1.445.869V19H112.09V8.434ZM132.764,19h-3.3V8.434h3.3Zm-3.5-13.291a1.469,1.469,0,0,1,.508-1.152,2.159,2.159,0,0,1,2.637,0,1.469,1.469,0,0,1,.508,1.152,1.469,1.469,0,0,1-.508,1.152,2.159,2.159,0,0,1-2.637,0A1.469,1.469,0,0,1,129.268,5.709ZM138.262,19h-3.3V4h3.3Zm5.5,0h-3.3V8.434h3.3Zm-3.5-13.291a1.469,1.469,0,0,1,.508-1.152,2.159,2.159,0,0,1,2.637,0,1.469,1.469,0,0,1,.508,1.152,1.469,1.469,0,0,1-.508,1.152,2.159,2.159,0,0,1-2.637,0A1.469,1.469,0,0,1,140.264,5.709ZM151.738,19a3.716,3.716,0,0,1-.312-.947,3.06,3.06,0,0,1-2.539,1.143,3.749,3.749,0,0,1-2.539-.9,2.875,2.875,0,0,1-1.045-2.271,2.955,2.955,0,0,1,1.27-2.6,6.468,6.468,0,0,1,3.691-.879h1.016v-.559q0-1.462-1.26-1.462a1.03,1.03,0,0,0-1.172,1.158h-3.291a2.95,2.95,0,0,1,1.3-2.487,5.479,5.479,0,0,1,3.325-.956,4.8,4.8,0,0,1,3.193.986,3.429,3.429,0,0,1,1.2,2.705v4.678a4.79,4.79,0,0,0,.449,2.227V19Zm-2.061-2.148a1.836,1.836,0,0,0,1.021-.264,1.653,1.653,0,0,0,.581-.6V14.3h-.957q-1.719,0-1.719,1.543a.942.942,0,0,0,.3.728A1.1,1.1,0,0,0,149.678,16.852Zm13.115-5.439-1.084-.078a1.947,1.947,0,0,0-1.992.977V19h-3.291V8.434h3.086l.107,1.357a2.548,2.548,0,0,1,2.314-1.553,3.209,3.209,0,0,1,.918.117Z" transform="translate(871.333 694)" fill="#12263f"/>
    <path id="Trazado_925342" data-name="Trazado 925342" d="M12.227,4.781v9.307a5.349,5.349,0,0,1-.674,2.739A4.365,4.365,0,0,1,9.619,18.59a6.812,6.812,0,0,1-2.979.605,5.885,5.885,0,0,1-4.092-1.348,4.806,4.806,0,0,1-1.523-3.691V4.781H4.473v9.443q.059,2.334,2.168,2.334a2.1,2.1,0,0,0,1.611-.586,2.739,2.739,0,0,0,.547-1.9V4.781Zm11.8,9.023A6.44,6.44,0,0,1,22.949,17.8a3.6,3.6,0,0,1-3.027,1.4,3.122,3.122,0,0,1-2.6-1.279L17.188,19H14.238V4h3.291V9.283A3.013,3.013,0,0,1,19.9,8.238a3.6,3.6,0,0,1,3.047,1.416,6.473,6.473,0,0,1,1.074,3.984Zm-3.3-.21a4.3,4.3,0,0,0-.405-2.169,1.366,1.366,0,0,0-1.245-.648,1.576,1.576,0,0,0-1.543.848v4.192a1.585,1.585,0,0,0,1.563.838,1.4,1.4,0,0,0,1.475-1.131A8.121,8.121,0,0,0,20.723,13.595ZM28.945,19h-3.3V8.434h3.3Zm-3.5-13.291a1.469,1.469,0,0,1,.508-1.152,2.159,2.159,0,0,1,2.637,0A1.469,1.469,0,0,1,29.1,5.709a1.469,1.469,0,0,1-.508,1.152,2.159,2.159,0,0,1-2.637,0A1.469,1.469,0,0,1,25.449,5.709Zm9.99,10.947a1.464,1.464,0,0,0,1.074-.376,1.379,1.379,0,0,0,.371-1.05h3.086a3.653,3.653,0,0,1-1.245,2.852A4.631,4.631,0,0,1,35.518,19.2a4.689,4.689,0,0,1-3.633-1.445,5.7,5.7,0,0,1-1.328-4v-.137a6.436,6.436,0,0,1,.591-2.827,4.3,4.3,0,0,1,1.7-1.885,5.081,5.081,0,0,1,2.637-.659A4.573,4.573,0,0,1,38.76,9.381a4.053,4.053,0,0,1,1.211,3.1H36.885a1.807,1.807,0,0,0-.4-1.26,1.382,1.382,0,0,0-1.074-.439q-1.279,0-1.494,1.631a11.507,11.507,0,0,0-.068,1.426,4.52,4.52,0,0,0,.381,2.207A1.319,1.319,0,0,0,35.439,16.656ZM47.314,19A3.716,3.716,0,0,1,47,18.053,3.06,3.06,0,0,1,44.463,19.2a3.749,3.749,0,0,1-2.539-.9,2.875,2.875,0,0,1-1.045-2.271,2.955,2.955,0,0,1,1.27-2.6,6.468,6.468,0,0,1,3.691-.879h1.016v-.559q0-1.462-1.26-1.462a1.03,1.03,0,0,0-1.172,1.158H41.133a2.95,2.95,0,0,1,1.3-2.487,5.479,5.479,0,0,1,3.325-.956,4.8,4.8,0,0,1,3.193.986,3.429,3.429,0,0,1,1.2,2.705v4.678a4.79,4.79,0,0,0,.449,2.227V19Zm-2.061-2.148a1.836,1.836,0,0,0,1.021-.264,1.653,1.653,0,0,0,.581-.6V14.3H45.9q-1.719,0-1.719,1.543a.942.942,0,0,0,.3.728A1.1,1.1,0,0,0,45.254,16.852Zm11.191-.2a1.464,1.464,0,0,0,1.074-.376,1.379,1.379,0,0,0,.371-1.05h3.086a3.653,3.653,0,0,1-1.245,2.852A4.631,4.631,0,0,1,56.523,19.2a4.689,4.689,0,0,1-3.633-1.445,5.7,5.7,0,0,1-1.328-4v-.137a6.436,6.436,0,0,1,.591-2.827,4.3,4.3,0,0,1,1.7-1.885,5.081,5.081,0,0,1,2.637-.659,4.573,4.573,0,0,1,3.271,1.143,4.053,4.053,0,0,1,1.211,3.1H57.891a1.807,1.807,0,0,0-.4-1.26,1.382,1.382,0,0,0-1.074-.439q-1.279,0-1.494,1.631a11.507,11.507,0,0,0-.068,1.426,4.52,4.52,0,0,0,.381,2.207A1.319,1.319,0,0,0,56.445,16.656ZM65.84,19h-3.3V8.434h3.3Zm-3.5-13.291a1.469,1.469,0,0,1,.508-1.152,2.159,2.159,0,0,1,2.637,0A1.469,1.469,0,0,1,66,5.709a1.469,1.469,0,0,1-.508,1.152,2.159,2.159,0,0,1-2.637,0A1.469,1.469,0,0,1,62.344,5.709Zm5.107,7.91a6.236,6.236,0,0,1,.615-2.817,4.4,4.4,0,0,1,1.768-1.9,5.323,5.323,0,0,1,2.705-.664,4.858,4.858,0,0,1,3.74,1.47,5.64,5.64,0,0,1,1.367,4v.117a5.472,5.472,0,0,1-1.372,3.921,4.871,4.871,0,0,1-3.716,1.45,4.927,4.927,0,0,1-3.623-1.353,5.29,5.29,0,0,1-1.475-3.667Zm3.291.205a3.932,3.932,0,0,0,.459,2.148,1.529,1.529,0,0,0,1.357.684q1.758,0,1.8-2.705v-.332q0-2.842-1.816-2.842-1.65,0-1.787,2.451ZM72.988,4h3.477L73.75,7.066l-2.686,0Zm9.131,4.434.107,1.24a3.583,3.583,0,0,1,3.018-1.436,3.015,3.015,0,0,1,2.466.986,4.7,4.7,0,0,1,.845,2.969V19h-3.3V12.33a1.783,1.783,0,0,0-.322-1.177,1.491,1.491,0,0,0-1.172-.376,1.569,1.569,0,0,0-1.436.762V19H79.033V8.434Zm12.822,5.205a6.455,6.455,0,0,1,1.084-3.955,3.568,3.568,0,0,1,3.027-1.445,3.035,3.035,0,0,1,2.383,1.113V4h3.3V19h-2.959l-.166-1.133A3.116,3.116,0,0,1,99.033,19.2a3.562,3.562,0,0,1-2.988-1.445A6.659,6.659,0,0,1,94.941,13.639Zm3.291.205q0,2.813,1.641,2.813a1.62,1.62,0,0,0,1.563-.918V11.715a1.576,1.576,0,0,0-1.543-.937q-1.523,0-1.65,2.461ZM111.719,19.2a5.432,5.432,0,0,1-3.936-1.45,5.008,5.008,0,0,1-1.5-3.774V13.7a6.489,6.489,0,0,1,.6-2.861,4.395,4.395,0,0,1,1.753-1.919,5.292,5.292,0,0,1,2.734-.679,4.574,4.574,0,0,1,3.516,1.382,5.43,5.43,0,0,1,1.289,3.853v1.279h-6.543a2.372,2.372,0,0,0,.771,1.4,2.3,2.3,0,0,0,1.543.508,2.958,2.958,0,0,0,2.441-1.094l1.5,1.777a4.2,4.2,0,0,1-1.743,1.353A5.891,5.891,0,0,1,111.719,19.2Zm-.371-8.418q-1.445,0-1.719,1.914h3.32v-.254a1.63,1.63,0,0,0-.4-1.226A1.593,1.593,0,0,0,111.348,10.777Zm14.238-2.344.107,1.24a3.633,3.633,0,0,1,3.018-1.436,2.675,2.675,0,0,1,2.705,1.592,3.516,3.516,0,0,1,3.105-1.592q3.213,0,3.3,3.887V19h-3.3V12.33a2.014,2.014,0,0,0-.273-1.182,1.164,1.164,0,0,0-1-.371,1.559,1.559,0,0,0-1.455.869l.01.137V19h-3.3V12.35a2.117,2.117,0,0,0-.264-1.2,1.161,1.161,0,0,0-1.006-.371,1.578,1.578,0,0,0-1.445.869V19H122.5V8.434Zm13.7,5.186A6.236,6.236,0,0,1,139.9,10.8a4.4,4.4,0,0,1,1.768-1.9,5.323,5.323,0,0,1,2.705-.664,4.858,4.858,0,0,1,3.74,1.47,5.64,5.64,0,0,1,1.367,4v.117a5.472,5.472,0,0,1-1.372,3.921,4.871,4.871,0,0,1-3.716,1.45,4.927,4.927,0,0,1-3.623-1.353,5.29,5.29,0,0,1-1.475-3.667Zm3.291.205a3.932,3.932,0,0,0,.459,2.148,1.529,1.529,0,0,0,1.357.684q1.758,0,1.8-2.705v-.332q0-2.842-1.816-2.842-1.65,0-1.787,2.451ZM154.4,19h-3.3V4h3.3Zm1.611-5.361A6.455,6.455,0,0,1,157.1,9.684a3.568,3.568,0,0,1,3.027-1.445,3.035,3.035,0,0,1,2.383,1.113V4h3.3V19h-2.959l-.166-1.133a3.116,3.116,0,0,1-2.578,1.328,3.562,3.562,0,0,1-2.988-1.445A6.659,6.659,0,0,1,156.016,13.639Zm3.291.205q0,2.813,1.641,2.813a1.62,1.62,0,0,0,1.563-.918V11.715a1.576,1.576,0,0,0-1.543-.937q-1.523,0-1.65,2.461ZM172.793,19.2a5.432,5.432,0,0,1-3.936-1.45,5.008,5.008,0,0,1-1.5-3.774V13.7a6.489,6.489,0,0,1,.6-2.861,4.395,4.395,0,0,1,1.753-1.919,5.292,5.292,0,0,1,2.734-.679,4.574,4.574,0,0,1,3.516,1.382,5.43,5.43,0,0,1,1.289,3.853v1.279H170.7a2.372,2.372,0,0,0,.771,1.4,2.3,2.3,0,0,0,1.543.508,2.958,2.958,0,0,0,2.441-1.094l1.5,1.777a4.2,4.2,0,0,1-1.743,1.353A5.891,5.891,0,0,1,172.793,19.2Zm-.371-8.418q-1.445,0-1.719,1.914h3.32v-.254a1.63,1.63,0,0,0-.4-1.226A1.593,1.593,0,0,0,172.422,10.777Zm11.68,5.254a.76.76,0,0,0-.439-.674,6.685,6.685,0,0,0-1.67-.527,7.615,7.615,0,0,1-2.031-.718,3.4,3.4,0,0,1-1.221-1.079,2.577,2.577,0,0,1-.42-1.455,2.92,2.92,0,0,1,1.2-2.4,4.948,4.948,0,0,1,3.145-.942,5.482,5.482,0,0,1,3.359.947,2.962,2.962,0,0,1,1.27,2.49h-3.3q0-1.27-1.338-1.27a1.326,1.326,0,0,0-.869.288.892.892,0,0,0-.352.718.819.819,0,0,0,.43.713,4.06,4.06,0,0,0,1.372.449,11.857,11.857,0,0,1,1.655.42,3.007,3.007,0,0,1,2.383,2.939,2.767,2.767,0,0,1-1.284,2.354,5.632,5.632,0,0,1-3.325.908,5.747,5.747,0,0,1-2.422-.488,4.05,4.05,0,0,1-1.66-1.328,3.007,3.007,0,0,1-.6-1.768h3.076a1.272,1.272,0,0,0,.488,1.069,2.009,2.009,0,0,0,1.2.337,1.58,1.58,0,0,0,1.011-.273A.875.875,0,0,0,184.1,16.031ZM10.732,40.795a6.372,6.372,0,0,1-1.108,3.931A3.554,3.554,0,0,1,6.631,46.2a3.046,3.046,0,0,1-2.393-1.064v4.932H.947V35.434H4.023l.1.977a3.046,3.046,0,0,1,2.49-1.172,3.582,3.582,0,0,1,3.037,1.44,6.45,6.45,0,0,1,1.084,3.96ZM7.441,40.59q0-2.812-1.641-2.812a1.549,1.549,0,0,0-1.562.84v4.16a1.6,1.6,0,0,0,1.582.879q1.572,0,1.621-2.715ZM18.135,46a3.716,3.716,0,0,1-.312-.947A3.06,3.06,0,0,1,15.283,46.2a3.749,3.749,0,0,1-2.539-.9A2.875,2.875,0,0,1,11.7,43.021a2.955,2.955,0,0,1,1.27-2.6,6.468,6.468,0,0,1,3.691-.879h1.016v-.559q0-1.462-1.26-1.462a1.03,1.03,0,0,0-1.172,1.158H11.953a2.95,2.95,0,0,1,1.3-2.487,5.479,5.479,0,0,1,3.325-.956,4.8,4.8,0,0,1,3.193.986,3.429,3.429,0,0,1,1.2,2.705v4.678a4.79,4.79,0,0,0,.449,2.227V46Zm-2.061-2.148a1.836,1.836,0,0,0,1.021-.264,1.653,1.653,0,0,0,.581-.6V41.3h-.957Q15,41.3,15,42.846a.942.942,0,0,0,.3.728A1.1,1.1,0,0,0,16.074,43.852Zm13.115-5.439-1.084-.078a1.947,1.947,0,0,0-1.992.977V46H22.822V35.434h3.086l.107,1.357a2.548,2.548,0,0,1,2.314-1.553,3.209,3.209,0,0,1,.918.117ZM36.035,46a3.716,3.716,0,0,1-.312-.947A3.06,3.06,0,0,1,33.184,46.2a3.749,3.749,0,0,1-2.539-.9A2.875,2.875,0,0,1,29.6,43.021a2.955,2.955,0,0,1,1.27-2.6,6.468,6.468,0,0,1,3.691-.879h1.016v-.559q0-1.462-1.26-1.462a1.03,1.03,0,0,0-1.172,1.158H29.854a2.95,2.95,0,0,1,1.3-2.487,5.479,5.479,0,0,1,3.325-.956,4.8,4.8,0,0,1,3.193.986,3.429,3.429,0,0,1,1.2,2.705v4.678a4.79,4.79,0,0,0,.449,2.227V46Zm-2.061-2.148A1.836,1.836,0,0,0,35,43.588a1.653,1.653,0,0,0,.581-.6V41.3h-.957q-1.719,0-1.719,1.543a.942.942,0,0,0,.3.728A1.1,1.1,0,0,0,33.975,43.852Zm16.172-.2a1.464,1.464,0,0,0,1.074-.376,1.379,1.379,0,0,0,.371-1.05h3.086a3.653,3.653,0,0,1-1.245,2.852A4.631,4.631,0,0,1,50.225,46.2a4.689,4.689,0,0,1-3.633-1.445,5.7,5.7,0,0,1-1.328-4v-.137a6.436,6.436,0,0,1,.591-2.827,4.3,4.3,0,0,1,1.7-1.885,5.081,5.081,0,0,1,2.637-.659,4.573,4.573,0,0,1,3.271,1.143,4.053,4.053,0,0,1,1.211,3.1H51.592a1.807,1.807,0,0,0-.4-1.26,1.382,1.382,0,0,0-1.074-.439q-1.279,0-1.494,1.631a11.507,11.507,0,0,0-.068,1.426,4.52,4.52,0,0,0,.381,2.207A1.319,1.319,0,0,0,50.146,43.656Zm5.508-3.037A6.236,6.236,0,0,1,56.27,37.8a4.4,4.4,0,0,1,1.768-1.9,5.323,5.323,0,0,1,2.705-.664,4.858,4.858,0,0,1,3.74,1.47,5.64,5.64,0,0,1,1.367,4v.117a5.472,5.472,0,0,1-1.372,3.921,4.871,4.871,0,0,1-3.716,1.45,4.927,4.927,0,0,1-3.623-1.353,5.29,5.29,0,0,1-1.475-3.667Zm3.291.205a3.932,3.932,0,0,0,.459,2.148,1.529,1.529,0,0,0,1.357.684q1.758,0,1.8-2.705v-.332q0-2.842-1.816-2.842-1.65,0-1.787,2.451Zm14.746-2.412-1.084-.078a1.947,1.947,0,0,0-1.992.977V46H67.324V35.434H70.41l.107,1.357a2.548,2.548,0,0,1,2.314-1.553,3.209,3.209,0,0,1,.918.117ZM79.2,32.807v2.627h1.738v2.285H79.2v4.834a1.234,1.234,0,0,0,.215.83,1.152,1.152,0,0,0,.85.234,4.828,4.828,0,0,0,.82-.059v2.354a6.074,6.074,0,0,1-1.855.283,3.448,3.448,0,0,1-2.51-.8,3.282,3.282,0,0,1-.811-2.432V37.719H74.561V35.434h1.348V32.807ZM87.344,46.2a5.432,5.432,0,0,1-3.936-1.45,5.008,5.008,0,0,1-1.5-3.774V40.7a6.489,6.489,0,0,1,.6-2.861,4.395,4.395,0,0,1,1.753-1.919,5.292,5.292,0,0,1,2.734-.679,4.574,4.574,0,0,1,3.516,1.382A5.43,5.43,0,0,1,91.8,40.473v1.279H85.254a2.372,2.372,0,0,0,.771,1.4,2.3,2.3,0,0,0,1.543.508,2.958,2.958,0,0,0,2.441-1.094l1.5,1.777a4.2,4.2,0,0,1-1.743,1.353A5.891,5.891,0,0,1,87.344,46.2Zm-.371-8.418q-1.445,0-1.719,1.914h3.32v-.254a1.63,1.63,0,0,0-.4-1.226A1.593,1.593,0,0,0,86.973,37.777ZM101.572,46h-3.3V35.434h3.3Zm-3.5-13.291a1.469,1.469,0,0,1,.508-1.152,2.159,2.159,0,0,1,2.637,0,1.561,1.561,0,0,1,0,2.3,2.159,2.159,0,0,1-2.637,0A1.469,1.469,0,0,1,98.076,32.709Zm8.545,2.725.107,1.24a3.583,3.583,0,0,1,3.018-1.436,3.015,3.015,0,0,1,2.466.986,4.7,4.7,0,0,1,.845,2.969V46h-3.3V39.33a1.783,1.783,0,0,0-.322-1.177,1.491,1.491,0,0,0-1.172-.376,1.569,1.569,0,0,0-1.436.762V46h-3.291V35.434Zm7.842,5.205a6.455,6.455,0,0,1,1.084-3.955,3.568,3.568,0,0,1,3.027-1.445,3.035,3.035,0,0,1,2.383,1.113V31h3.3V46H121.3l-.166-1.133a3.116,3.116,0,0,1-2.578,1.328,3.562,3.562,0,0,1-2.988-1.445A6.659,6.659,0,0,1,114.463,40.639Zm3.291.205q0,2.813,1.641,2.813a1.62,1.62,0,0,0,1.563-.918V38.715a1.576,1.576,0,0,0-1.543-.937q-1.523,0-1.65,2.461Zm14.668,4.014A3.393,3.393,0,0,1,129.6,46.2a3.328,3.328,0,0,1-2.632-1.011,4.251,4.251,0,0,1-.894-2.905V35.434h3.291V42.3a1.183,1.183,0,0,0,1.318,1.357,1.72,1.72,0,0,0,1.611-.811V35.434h3.311V46H132.52Zm10.518-1.826a.76.76,0,0,0-.439-.674,6.685,6.685,0,0,0-1.67-.527,7.615,7.615,0,0,1-2.031-.718,3.4,3.4,0,0,1-1.221-1.079,2.577,2.577,0,0,1-.42-1.455,2.92,2.92,0,0,1,1.2-2.4,4.948,4.948,0,0,1,3.145-.942,5.482,5.482,0,0,1,3.359.947,2.962,2.962,0,0,1,1.27,2.49h-3.3q0-1.27-1.338-1.27a1.326,1.326,0,0,0-.869.288.892.892,0,0,0-.352.718.819.819,0,0,0,.43.713,4.06,4.06,0,0,0,1.372.449,11.857,11.857,0,0,1,1.655.42,3.007,3.007,0,0,1,2.383,2.939,2.767,2.767,0,0,1-1.284,2.354,5.632,5.632,0,0,1-3.325.908,5.747,5.747,0,0,1-2.422-.488,4.05,4.05,0,0,1-1.66-1.328,3.007,3.007,0,0,1-.6-1.768H139.9a1.272,1.272,0,0,0,.488,1.069,2.009,2.009,0,0,0,1.2.337,1.58,1.58,0,0,0,1.011-.273A.875.875,0,0,0,142.939,43.031Zm8.545-10.225v2.627h1.738v2.285h-1.738v4.834a1.234,1.234,0,0,0,.215.83,1.152,1.152,0,0,0,.85.234,4.828,4.828,0,0,0,.82-.059v2.354a6.074,6.074,0,0,1-1.855.283,3.448,3.448,0,0,1-2.51-.8,3.282,3.282,0,0,1-.811-2.432V37.719h-1.348V35.434h1.348V32.807Zm9.424,5.605-1.084-.078a1.947,1.947,0,0,0-1.992.977V46h-3.291V35.434h3.086l.107,1.357a2.548,2.548,0,0,1,2.314-1.553,3.209,3.209,0,0,1,.918.117ZM165.566,46h-3.3V35.434h3.3Zm-3.5-13.291a1.469,1.469,0,0,1,.508-1.152,2.159,2.159,0,0,1,2.637,0,1.561,1.561,0,0,1,0,2.3,2.159,2.159,0,0,1-2.637,0A1.469,1.469,0,0,1,162.07,32.709ZM173.545,46a3.716,3.716,0,0,1-.312-.947,3.06,3.06,0,0,1-2.539,1.143,3.749,3.749,0,0,1-2.539-.9,2.875,2.875,0,0,1-1.045-2.271,2.955,2.955,0,0,1,1.27-2.6,6.468,6.468,0,0,1,3.691-.879h1.016v-.559q0-1.462-1.26-1.462a1.03,1.03,0,0,0-1.172,1.158h-3.291a2.95,2.95,0,0,1,1.3-2.487,5.479,5.479,0,0,1,3.325-.956,4.8,4.8,0,0,1,3.193.986,3.429,3.429,0,0,1,1.2,2.705v4.678a4.79,4.79,0,0,0,.449,2.227V46Zm-2.061-2.148a1.836,1.836,0,0,0,1.021-.264,1.652,1.652,0,0,0,.581-.6V41.3h-.957q-1.719,0-1.719,1.543a.942.942,0,0,0,.3.728A1.1,1.1,0,0,0,171.484,43.852ZM181.68,46h-3.3V31h3.3Z" transform="translate(866.333 839)" fill="#12263f"/>
    <path id="Trazado_925348" data-name="Trazado 925348" d="M12.227,4.781v9.307a5.349,5.349,0,0,1-.674,2.739A4.365,4.365,0,0,1,9.619,18.59a6.812,6.812,0,0,1-2.979.605,5.885,5.885,0,0,1-4.092-1.348,4.806,4.806,0,0,1-1.523-3.691V4.781H4.473v9.443q.059,2.334,2.168,2.334a2.1,2.1,0,0,0,1.611-.586,2.739,2.739,0,0,0,.547-1.9V4.781Zm11.8,9.023A6.44,6.44,0,0,1,22.949,17.8a3.6,3.6,0,0,1-3.027,1.4,3.122,3.122,0,0,1-2.6-1.279L17.188,19H14.238V4h3.291V9.283A3.013,3.013,0,0,1,19.9,8.238a3.6,3.6,0,0,1,3.047,1.416,6.473,6.473,0,0,1,1.074,3.984Zm-3.3-.21a4.3,4.3,0,0,0-.405-2.169,1.366,1.366,0,0,0-1.245-.648,1.576,1.576,0,0,0-1.543.848v4.192a1.585,1.585,0,0,0,1.563.838,1.4,1.4,0,0,0,1.475-1.131A8.121,8.121,0,0,0,20.723,13.595ZM28.945,19h-3.3V8.434h3.3Zm-3.5-13.291a1.469,1.469,0,0,1,.508-1.152,2.159,2.159,0,0,1,2.637,0A1.469,1.469,0,0,1,29.1,5.709a1.469,1.469,0,0,1-.508,1.152,2.159,2.159,0,0,1-2.637,0A1.469,1.469,0,0,1,25.449,5.709Zm9.99,10.947a1.464,1.464,0,0,0,1.074-.376,1.379,1.379,0,0,0,.371-1.05h3.086a3.653,3.653,0,0,1-1.245,2.852A4.631,4.631,0,0,1,35.518,19.2a4.689,4.689,0,0,1-3.633-1.445,5.7,5.7,0,0,1-1.328-4v-.137a6.436,6.436,0,0,1,.591-2.827,4.3,4.3,0,0,1,1.7-1.885,5.081,5.081,0,0,1,2.637-.659A4.573,4.573,0,0,1,38.76,9.381a4.053,4.053,0,0,1,1.211,3.1H36.885a1.807,1.807,0,0,0-.4-1.26,1.382,1.382,0,0,0-1.074-.439q-1.279,0-1.494,1.631a11.507,11.507,0,0,0-.068,1.426,4.52,4.52,0,0,0,.381,2.207A1.319,1.319,0,0,0,35.439,16.656ZM47.314,19A3.716,3.716,0,0,1,47,18.053,3.06,3.06,0,0,1,44.463,19.2a3.749,3.749,0,0,1-2.539-.9,2.875,2.875,0,0,1-1.045-2.271,2.955,2.955,0,0,1,1.27-2.6,6.468,6.468,0,0,1,3.691-.879h1.016v-.559q0-1.462-1.26-1.462a1.03,1.03,0,0,0-1.172,1.158H41.133a2.95,2.95,0,0,1,1.3-2.487,5.479,5.479,0,0,1,3.325-.956,4.8,4.8,0,0,1,3.193.986,3.429,3.429,0,0,1,1.2,2.705v4.678a4.79,4.79,0,0,0,.449,2.227V19Zm-2.061-2.148a1.836,1.836,0,0,0,1.021-.264,1.653,1.653,0,0,0,.581-.6V14.3H45.9q-1.719,0-1.719,1.543a.942.942,0,0,0,.3.728A1.1,1.1,0,0,0,45.254,16.852Zm11.191-.2a1.464,1.464,0,0,0,1.074-.376,1.379,1.379,0,0,0,.371-1.05h3.086a3.653,3.653,0,0,1-1.245,2.852A4.631,4.631,0,0,1,56.523,19.2a4.689,4.689,0,0,1-3.633-1.445,5.7,5.7,0,0,1-1.328-4v-.137a6.436,6.436,0,0,1,.591-2.827,4.3,4.3,0,0,1,1.7-1.885,5.081,5.081,0,0,1,2.637-.659,4.573,4.573,0,0,1,3.271,1.143,4.053,4.053,0,0,1,1.211,3.1H57.891a1.807,1.807,0,0,0-.4-1.26,1.382,1.382,0,0,0-1.074-.439q-1.279,0-1.494,1.631a11.507,11.507,0,0,0-.068,1.426,4.52,4.52,0,0,0,.381,2.207A1.319,1.319,0,0,0,56.445,16.656ZM65.84,19h-3.3V8.434h3.3Zm-3.5-13.291a1.469,1.469,0,0,1,.508-1.152,2.159,2.159,0,0,1,2.637,0A1.469,1.469,0,0,1,66,5.709a1.469,1.469,0,0,1-.508,1.152,2.159,2.159,0,0,1-2.637,0A1.469,1.469,0,0,1,62.344,5.709Zm5.107,7.91a6.236,6.236,0,0,1,.615-2.817,4.4,4.4,0,0,1,1.768-1.9,5.323,5.323,0,0,1,2.705-.664,4.858,4.858,0,0,1,3.74,1.47,5.64,5.64,0,0,1,1.367,4v.117a5.472,5.472,0,0,1-1.372,3.921,4.871,4.871,0,0,1-3.716,1.45,4.927,4.927,0,0,1-3.623-1.353,5.29,5.29,0,0,1-1.475-3.667Zm3.291.205a3.932,3.932,0,0,0,.459,2.148,1.529,1.529,0,0,0,1.357.684q1.758,0,1.8-2.705v-.332q0-2.842-1.816-2.842-1.65,0-1.787,2.451ZM72.988,4h3.477L73.75,7.066l-2.686,0Zm9.131,4.434.107,1.24a3.583,3.583,0,0,1,3.018-1.436,3.015,3.015,0,0,1,2.466.986,4.7,4.7,0,0,1,.845,2.969V19h-3.3V12.33a1.783,1.783,0,0,0-.322-1.177,1.491,1.491,0,0,0-1.172-.376,1.569,1.569,0,0,0-1.436.762V19H79.033V8.434Zm12.822,5.205a6.455,6.455,0,0,1,1.084-3.955,3.568,3.568,0,0,1,3.027-1.445,3.035,3.035,0,0,1,2.383,1.113V4h3.3V19h-2.959l-.166-1.133A3.116,3.116,0,0,1,99.033,19.2a3.562,3.562,0,0,1-2.988-1.445A6.659,6.659,0,0,1,94.941,13.639Zm3.291.205q0,2.813,1.641,2.813a1.62,1.62,0,0,0,1.563-.918V11.715a1.576,1.576,0,0,0-1.543-.937q-1.523,0-1.65,2.461ZM111.719,19.2a5.432,5.432,0,0,1-3.936-1.45,5.008,5.008,0,0,1-1.5-3.774V13.7a6.489,6.489,0,0,1,.6-2.861,4.395,4.395,0,0,1,1.753-1.919,5.292,5.292,0,0,1,2.734-.679,4.574,4.574,0,0,1,3.516,1.382,5.43,5.43,0,0,1,1.289,3.853v1.279h-6.543a2.372,2.372,0,0,0,.771,1.4,2.3,2.3,0,0,0,1.543.508,2.958,2.958,0,0,0,2.441-1.094l1.5,1.777a4.2,4.2,0,0,1-1.743,1.353A5.891,5.891,0,0,1,111.719,19.2Zm-.371-8.418q-1.445,0-1.719,1.914h3.32v-.254a1.63,1.63,0,0,0-.4-1.226A1.593,1.593,0,0,0,111.348,10.777Zm14.238-2.344.107,1.24a3.633,3.633,0,0,1,3.018-1.436,2.675,2.675,0,0,1,2.705,1.592,3.516,3.516,0,0,1,3.105-1.592q3.213,0,3.3,3.887V19h-3.3V12.33a2.014,2.014,0,0,0-.273-1.182,1.164,1.164,0,0,0-1-.371,1.559,1.559,0,0,0-1.455.869l.01.137V19h-3.3V12.35a2.117,2.117,0,0,0-.264-1.2,1.161,1.161,0,0,0-1.006-.371,1.578,1.578,0,0,0-1.445.869V19H122.5V8.434Zm13.7,5.186A6.236,6.236,0,0,1,139.9,10.8a4.4,4.4,0,0,1,1.768-1.9,5.323,5.323,0,0,1,2.705-.664,4.858,4.858,0,0,1,3.74,1.47,5.64,5.64,0,0,1,1.367,4v.117a5.472,5.472,0,0,1-1.372,3.921,4.871,4.871,0,0,1-3.716,1.45,4.927,4.927,0,0,1-3.623-1.353,5.29,5.29,0,0,1-1.475-3.667Zm3.291.205a3.932,3.932,0,0,0,.459,2.148,1.529,1.529,0,0,0,1.357.684q1.758,0,1.8-2.705v-.332q0-2.842-1.816-2.842-1.65,0-1.787,2.451ZM154.4,19h-3.3V4h3.3Zm1.611-5.361A6.455,6.455,0,0,1,157.1,9.684a3.568,3.568,0,0,1,3.027-1.445,3.035,3.035,0,0,1,2.383,1.113V4h3.3V19h-2.959l-.166-1.133a3.116,3.116,0,0,1-2.578,1.328,3.562,3.562,0,0,1-2.988-1.445A6.659,6.659,0,0,1,156.016,13.639Zm3.291.205q0,2.813,1.641,2.813a1.62,1.62,0,0,0,1.563-.918V11.715a1.576,1.576,0,0,0-1.543-.937q-1.523,0-1.65,2.461ZM172.793,19.2a5.432,5.432,0,0,1-3.936-1.45,5.008,5.008,0,0,1-1.5-3.774V13.7a6.489,6.489,0,0,1,.6-2.861,4.395,4.395,0,0,1,1.753-1.919,5.292,5.292,0,0,1,2.734-.679,4.574,4.574,0,0,1,3.516,1.382,5.43,5.43,0,0,1,1.289,3.853v1.279H170.7a2.372,2.372,0,0,0,.771,1.4,2.3,2.3,0,0,0,1.543.508,2.958,2.958,0,0,0,2.441-1.094l1.5,1.777a4.2,4.2,0,0,1-1.743,1.353A5.891,5.891,0,0,1,172.793,19.2Zm-.371-8.418q-1.445,0-1.719,1.914h3.32v-.254a1.63,1.63,0,0,0-.4-1.226A1.593,1.593,0,0,0,172.422,10.777Zm11.68,5.254a.76.76,0,0,0-.439-.674,6.685,6.685,0,0,0-1.67-.527,7.615,7.615,0,0,1-2.031-.718,3.4,3.4,0,0,1-1.221-1.079,2.577,2.577,0,0,1-.42-1.455,2.92,2.92,0,0,1,1.2-2.4,4.948,4.948,0,0,1,3.145-.942,5.482,5.482,0,0,1,3.359.947,2.962,2.962,0,0,1,1.27,2.49h-3.3q0-1.27-1.338-1.27a1.326,1.326,0,0,0-.869.288.892.892,0,0,0-.352.718.819.819,0,0,0,.43.713,4.06,4.06,0,0,0,1.372.449,11.857,11.857,0,0,1,1.655.42,3.007,3.007,0,0,1,2.383,2.939,2.767,2.767,0,0,1-1.284,2.354,5.632,5.632,0,0,1-3.325.908,5.747,5.747,0,0,1-2.422-.488,4.05,4.05,0,0,1-1.66-1.328,3.007,3.007,0,0,1-.6-1.768h3.076a1.272,1.272,0,0,0,.488,1.069,2.009,2.009,0,0,0,1.2.337,1.58,1.58,0,0,0,1.011-.273A.875.875,0,0,0,184.1,16.031ZM10.732,40.795a6.372,6.372,0,0,1-1.108,3.931A3.554,3.554,0,0,1,6.631,46.2a3.046,3.046,0,0,1-2.393-1.064v4.932H.947V35.434H4.023l.1.977a3.046,3.046,0,0,1,2.49-1.172,3.582,3.582,0,0,1,3.037,1.44,6.45,6.45,0,0,1,1.084,3.96ZM7.441,40.59q0-2.812-1.641-2.812a1.549,1.549,0,0,0-1.562.84v4.16a1.6,1.6,0,0,0,1.582.879q1.572,0,1.621-2.715ZM18.135,46a3.716,3.716,0,0,1-.312-.947A3.06,3.06,0,0,1,15.283,46.2a3.749,3.749,0,0,1-2.539-.9A2.875,2.875,0,0,1,11.7,43.021a2.955,2.955,0,0,1,1.27-2.6,6.468,6.468,0,0,1,3.691-.879h1.016v-.559q0-1.462-1.26-1.462a1.03,1.03,0,0,0-1.172,1.158H11.953a2.95,2.95,0,0,1,1.3-2.487,5.479,5.479,0,0,1,3.325-.956,4.8,4.8,0,0,1,3.193.986,3.429,3.429,0,0,1,1.2,2.705v4.678a4.79,4.79,0,0,0,.449,2.227V46Zm-2.061-2.148a1.836,1.836,0,0,0,1.021-.264,1.653,1.653,0,0,0,.581-.6V41.3h-.957Q15,41.3,15,42.846a.942.942,0,0,0,.3.728A1.1,1.1,0,0,0,16.074,43.852Zm13.115-5.439-1.084-.078a1.947,1.947,0,0,0-1.992.977V46H22.822V35.434h3.086l.107,1.357a2.548,2.548,0,0,1,2.314-1.553,3.209,3.209,0,0,1,.918.117ZM36.035,46a3.716,3.716,0,0,1-.312-.947A3.06,3.06,0,0,1,33.184,46.2a3.749,3.749,0,0,1-2.539-.9A2.875,2.875,0,0,1,29.6,43.021a2.955,2.955,0,0,1,1.27-2.6,6.468,6.468,0,0,1,3.691-.879h1.016v-.559q0-1.462-1.26-1.462a1.03,1.03,0,0,0-1.172,1.158H29.854a2.95,2.95,0,0,1,1.3-2.487,5.479,5.479,0,0,1,3.325-.956,4.8,4.8,0,0,1,3.193.986,3.429,3.429,0,0,1,1.2,2.705v4.678a4.79,4.79,0,0,0,.449,2.227V46Zm-2.061-2.148A1.836,1.836,0,0,0,35,43.588a1.653,1.653,0,0,0,.581-.6V41.3h-.957q-1.719,0-1.719,1.543a.942.942,0,0,0,.3.728A1.1,1.1,0,0,0,33.975,43.852Zm16.172-.2a1.464,1.464,0,0,0,1.074-.376,1.379,1.379,0,0,0,.371-1.05h3.086a3.653,3.653,0,0,1-1.245,2.852A4.631,4.631,0,0,1,50.225,46.2a4.689,4.689,0,0,1-3.633-1.445,5.7,5.7,0,0,1-1.328-4v-.137a6.436,6.436,0,0,1,.591-2.827,4.3,4.3,0,0,1,1.7-1.885,5.081,5.081,0,0,1,2.637-.659,4.573,4.573,0,0,1,3.271,1.143,4.053,4.053,0,0,1,1.211,3.1H51.592a1.807,1.807,0,0,0-.4-1.26,1.382,1.382,0,0,0-1.074-.439q-1.279,0-1.494,1.631a11.507,11.507,0,0,0-.068,1.426,4.52,4.52,0,0,0,.381,2.207A1.319,1.319,0,0,0,50.146,43.656Zm5.508-3.037A6.236,6.236,0,0,1,56.27,37.8a4.4,4.4,0,0,1,1.768-1.9,5.323,5.323,0,0,1,2.705-.664,4.858,4.858,0,0,1,3.74,1.47,5.64,5.64,0,0,1,1.367,4v.117a5.472,5.472,0,0,1-1.372,3.921,4.871,4.871,0,0,1-3.716,1.45,4.927,4.927,0,0,1-3.623-1.353,5.29,5.29,0,0,1-1.475-3.667Zm3.291.205a3.932,3.932,0,0,0,.459,2.148,1.529,1.529,0,0,0,1.357.684q1.758,0,1.8-2.705v-.332q0-2.842-1.816-2.842-1.65,0-1.787,2.451Zm14.746-2.412-1.084-.078a1.947,1.947,0,0,0-1.992.977V46H67.324V35.434H70.41l.107,1.357a2.548,2.548,0,0,1,2.314-1.553,3.209,3.209,0,0,1,.918.117ZM79.2,32.807v2.627h1.738v2.285H79.2v4.834a1.234,1.234,0,0,0,.215.83,1.152,1.152,0,0,0,.85.234,4.828,4.828,0,0,0,.82-.059v2.354a6.074,6.074,0,0,1-1.855.283,3.448,3.448,0,0,1-2.51-.8,3.282,3.282,0,0,1-.811-2.432V37.719H74.561V35.434h1.348V32.807ZM87.344,46.2a5.432,5.432,0,0,1-3.936-1.45,5.008,5.008,0,0,1-1.5-3.774V40.7a6.489,6.489,0,0,1,.6-2.861,4.395,4.395,0,0,1,1.753-1.919,5.292,5.292,0,0,1,2.734-.679,4.574,4.574,0,0,1,3.516,1.382A5.43,5.43,0,0,1,91.8,40.473v1.279H85.254a2.372,2.372,0,0,0,.771,1.4,2.3,2.3,0,0,0,1.543.508,2.958,2.958,0,0,0,2.441-1.094l1.5,1.777a4.2,4.2,0,0,1-1.743,1.353A5.891,5.891,0,0,1,87.344,46.2Zm-.371-8.418q-1.445,0-1.719,1.914h3.32v-.254a1.63,1.63,0,0,0-.4-1.226A1.593,1.593,0,0,0,86.973,37.777Zm14.238-2.344.107,1.24a3.633,3.633,0,0,1,3.018-1.436,2.675,2.675,0,0,1,2.705,1.592,3.517,3.517,0,0,1,3.105-1.592q3.213,0,3.3,3.887V46h-3.3V39.33a2.014,2.014,0,0,0-.273-1.182,1.164,1.164,0,0,0-1-.371,1.559,1.559,0,0,0-1.455.869l.01.137V46h-3.3V39.35a2.117,2.117,0,0,0-.264-1.2,1.161,1.161,0,0,0-1.006-.371,1.578,1.578,0,0,0-1.445.869V46H98.125V35.434ZM121.279,46a3.716,3.716,0,0,1-.312-.947,3.06,3.06,0,0,1-2.539,1.143,3.749,3.749,0,0,1-2.539-.9,2.875,2.875,0,0,1-1.045-2.271,2.955,2.955,0,0,1,1.27-2.6,6.468,6.468,0,0,1,3.691-.879h1.016v-.559q0-1.462-1.26-1.462a1.03,1.03,0,0,0-1.172,1.158H115.1a2.95,2.95,0,0,1,1.3-2.487,5.479,5.479,0,0,1,3.325-.956,4.8,4.8,0,0,1,3.193.986,3.429,3.429,0,0,1,1.2,2.705v4.678a4.79,4.79,0,0,0,.449,2.227V46Zm-2.061-2.148a1.836,1.836,0,0,0,1.021-.264,1.653,1.653,0,0,0,.581-.6V41.3h-.957q-1.719,0-1.719,1.543a.942.942,0,0,0,.3.728A1.1,1.1,0,0,0,119.219,43.852Zm9.746-8.418.107,1.24a3.583,3.583,0,0,1,3.018-1.436,3.015,3.015,0,0,1,2.466.986,4.7,4.7,0,0,1,.845,2.969V46h-3.3V39.33a1.783,1.783,0,0,0-.322-1.177,1.491,1.491,0,0,0-1.172-.376,1.569,1.569,0,0,0-1.436.762V46h-3.291V35.434Zm14.551,9.424a3.393,3.393,0,0,1-2.822,1.338,3.328,3.328,0,0,1-2.632-1.011,4.251,4.251,0,0,1-.894-2.905V35.434h3.291V42.3a1.183,1.183,0,0,0,1.318,1.357,1.72,1.72,0,0,0,1.611-.811V35.434H146.7V46h-3.086ZM154.453,46a3.716,3.716,0,0,1-.312-.947A3.06,3.06,0,0,1,151.6,46.2a3.749,3.749,0,0,1-2.539-.9,2.875,2.875,0,0,1-1.045-2.271,2.955,2.955,0,0,1,1.27-2.6,6.468,6.468,0,0,1,3.691-.879h1.016v-.559q0-1.462-1.26-1.462a1.03,1.03,0,0,0-1.172,1.158h-3.291a2.95,2.95,0,0,1,1.3-2.487,5.479,5.479,0,0,1,3.325-.956,4.8,4.8,0,0,1,3.193.986,3.429,3.429,0,0,1,1.2,2.705v4.678a4.79,4.79,0,0,0,.449,2.227V46Zm-2.061-2.148a1.836,1.836,0,0,0,1.021-.264,1.652,1.652,0,0,0,.581-.6V41.3h-.957q-1.719,0-1.719,1.543a.942.942,0,0,0,.3.728A1.1,1.1,0,0,0,152.393,43.852ZM162.588,46h-3.3V31h3.3Z" transform="translate(866.333 922)" fill="#12263f"/>
    <path id="Trazado_925344" data-name="Trazado 925344" d="M12.236,7.428H7.969V19H4.541V7.428H.352V4.781H12.236ZM17,19H13.7V8.434H17Zm-3.5-13.291a1.469,1.469,0,0,1,.508-1.152,1.916,1.916,0,0,1,1.318-.449,1.916,1.916,0,0,1,1.318.449,1.469,1.469,0,0,1,.508,1.152,1.469,1.469,0,0,1-.508,1.152,1.916,1.916,0,0,1-1.318.449,1.916,1.916,0,0,1-1.318-.449A1.469,1.469,0,0,1,13.506,5.709Zm15.332,8.086a6.372,6.372,0,0,1-1.108,3.931,3.554,3.554,0,0,1-2.993,1.47,3.046,3.046,0,0,1-2.393-1.064v4.932H19.053V8.434h3.076l.1.977a3.046,3.046,0,0,1,2.49-1.172,3.582,3.582,0,0,1,3.037,1.44,6.45,6.45,0,0,1,1.084,3.96Zm-3.291-.205q0-2.812-1.641-2.812a1.549,1.549,0,0,0-1.562.84v4.16a1.6,1.6,0,0,0,1.582.879q1.572,0,1.621-2.715Zm4.326.029a6.236,6.236,0,0,1,.615-2.817,4.4,4.4,0,0,1,1.768-1.9,5.323,5.323,0,0,1,2.705-.664,4.858,4.858,0,0,1,3.74,1.47,5.64,5.64,0,0,1,1.367,4v.117A5.472,5.472,0,0,1,38.7,17.745,4.871,4.871,0,0,1,34.98,19.2a4.927,4.927,0,0,1-3.623-1.353,5.29,5.29,0,0,1-1.475-3.667Zm3.291.205a3.932,3.932,0,0,0,.459,2.148,1.529,1.529,0,0,0,1.357.684q1.758,0,1.8-2.705v-.332q0-2.842-1.816-2.842-1.65,0-1.787,2.451Zm13.887,2.207a.76.76,0,0,0-.439-.674,6.685,6.685,0,0,0-1.67-.527,7.615,7.615,0,0,1-2.031-.718,3.4,3.4,0,0,1-1.221-1.079,2.577,2.577,0,0,1-.42-1.455,2.92,2.92,0,0,1,1.2-2.4,4.948,4.948,0,0,1,3.145-.942,5.482,5.482,0,0,1,3.359.947,2.962,2.962,0,0,1,1.27,2.49h-3.3q0-1.27-1.338-1.27a1.326,1.326,0,0,0-.869.288.892.892,0,0,0-.352.718.819.819,0,0,0,.43.713,4.06,4.06,0,0,0,1.372.449,11.857,11.857,0,0,1,1.655.42,3.007,3.007,0,0,1,2.383,2.939,2.767,2.767,0,0,1-1.284,2.354,5.632,5.632,0,0,1-3.325.908,5.747,5.747,0,0,1-2.422-.488,4.05,4.05,0,0,1-1.66-1.328,3.007,3.007,0,0,1-.6-1.768h3.076a1.272,1.272,0,0,0,.488,1.069,2.009,2.009,0,0,0,1.2.337,1.58,1.58,0,0,0,1.011-.273A.875.875,0,0,0,47.051,16.031Zm9.277-2.393a6.455,6.455,0,0,1,1.084-3.955,3.568,3.568,0,0,1,3.027-1.445,3.035,3.035,0,0,1,2.383,1.113V4h3.3V19H63.164L63,17.867A3.116,3.116,0,0,1,60.42,19.2a3.562,3.562,0,0,1-2.988-1.445A6.659,6.659,0,0,1,56.328,13.639Zm3.291.205q0,2.813,1.641,2.813a1.62,1.62,0,0,0,1.563-.918V11.715a1.576,1.576,0,0,0-1.543-.937q-1.523,0-1.65,2.461ZM73.105,19.2a5.432,5.432,0,0,1-3.936-1.45,5.008,5.008,0,0,1-1.5-3.774V13.7a6.489,6.489,0,0,1,.6-2.861A4.395,4.395,0,0,1,70.02,8.917a5.292,5.292,0,0,1,2.734-.679A4.574,4.574,0,0,1,76.27,9.62a5.43,5.43,0,0,1,1.289,3.853v1.279H71.016a2.372,2.372,0,0,0,.771,1.4,2.3,2.3,0,0,0,1.543.508,2.958,2.958,0,0,0,2.441-1.094l1.5,1.777a4.2,4.2,0,0,1-1.743,1.353A5.891,5.891,0,0,1,73.105,19.2Zm-.371-8.418q-1.445,0-1.719,1.914h3.32v-.254a1.63,1.63,0,0,0-.4-1.226A1.593,1.593,0,0,0,72.734,10.777Zm15.6,5.879A1.464,1.464,0,0,0,89.4,16.28a1.379,1.379,0,0,0,.371-1.05h3.086a3.653,3.653,0,0,1-1.245,2.852A4.631,4.631,0,0,1,88.408,19.2a4.689,4.689,0,0,1-3.633-1.445,5.7,5.7,0,0,1-1.328-4v-.137a6.436,6.436,0,0,1,.591-2.827,4.3,4.3,0,0,1,1.7-1.885,5.081,5.081,0,0,1,2.637-.659A4.573,4.573,0,0,1,91.65,9.381a4.053,4.053,0,0,1,1.211,3.1H89.775a1.806,1.806,0,0,0-.4-1.26,1.382,1.382,0,0,0-1.074-.439q-1.279,0-1.494,1.631a11.508,11.508,0,0,0-.068,1.426,4.52,4.52,0,0,0,.381,2.207A1.319,1.319,0,0,0,88.33,16.656Zm5.508-3.037a6.236,6.236,0,0,1,.615-2.817,4.4,4.4,0,0,1,1.768-1.9,5.323,5.323,0,0,1,2.705-.664,4.858,4.858,0,0,1,3.74,1.47,5.64,5.64,0,0,1,1.367,4v.117a5.472,5.472,0,0,1-1.372,3.921,4.871,4.871,0,0,1-3.716,1.45,4.927,4.927,0,0,1-3.623-1.353,5.29,5.29,0,0,1-1.475-3.667Zm3.291.205a3.932,3.932,0,0,0,.459,2.148,1.529,1.529,0,0,0,1.357.684q1.758,0,1.8-2.705v-.332q0-2.842-1.816-2.842-1.65,0-1.787,2.451Zm14.746-2.412-1.084-.078a1.947,1.947,0,0,0-1.992.977V19h-3.291V8.434h3.086l.107,1.357a2.548,2.548,0,0,1,2.314-1.553,3.209,3.209,0,0,1,.918.117Zm5.508-5.605V8.434h1.738v2.285h-1.738v4.834a1.234,1.234,0,0,0,.215.83,1.152,1.152,0,0,0,.85.234,4.828,4.828,0,0,0,.82-.059v2.354a6.074,6.074,0,0,1-1.855.283,3.448,3.448,0,0,1-2.51-.8,3.282,3.282,0,0,1-.811-2.432V10.719h-1.348V8.434h1.348V5.807ZM125.527,19.2a5.432,5.432,0,0,1-3.936-1.45,5.008,5.008,0,0,1-1.5-3.774V13.7a6.489,6.489,0,0,1,.6-2.861,4.395,4.395,0,0,1,1.753-1.919,5.292,5.292,0,0,1,2.734-.679,4.574,4.574,0,0,1,3.516,1.382,5.43,5.43,0,0,1,1.289,3.853v1.279h-6.543a2.372,2.372,0,0,0,.771,1.4,2.3,2.3,0,0,0,1.543.508,2.958,2.958,0,0,0,2.441-1.094l1.5,1.777a4.2,4.2,0,0,1-1.743,1.353A5.891,5.891,0,0,1,125.527,19.2Zm-.371-8.418q-1.445,0-1.719,1.914h3.32v-.254a1.63,1.63,0,0,0-.4-1.226A1.593,1.593,0,0,0,125.156,10.777Z" transform="translate(553.333 894)" fill="#12263f"/>
    <path id="Trazado_925332" data-name="Trazado 925332" d="M72.786,4.781l3.174,9.893,3.164-9.893h4.512V19H80.2V15.68l.332-6.8L77.093,19H74.827L71.38,8.873l.332,6.807V19H68.284V4.781Zm12.461,8.838a6.236,6.236,0,0,1,.615-2.817A4.4,4.4,0,0,1,87.63,8.9a5.323,5.323,0,0,1,2.705-.664,4.858,4.858,0,0,1,3.74,1.47,5.64,5.64,0,0,1,1.367,4v.117a5.472,5.472,0,0,1-1.372,3.921,4.871,4.871,0,0,1-3.716,1.45,4.927,4.927,0,0,1-3.623-1.353,5.29,5.29,0,0,1-1.475-3.667Zm3.291.205A3.932,3.932,0,0,0,89,15.973a1.529,1.529,0,0,0,1.357.684q1.758,0,1.8-2.705v-.332q0-2.842-1.816-2.842-1.65,0-1.787,2.451Zm7.939-.186a6.455,6.455,0,0,1,1.084-3.955,3.568,3.568,0,0,1,3.027-1.445,3.035,3.035,0,0,1,2.383,1.113V4h3.3V19h-2.959l-.166-1.133a3.116,3.116,0,0,1-2.578,1.328,3.562,3.562,0,0,1-2.988-1.445A6.659,6.659,0,0,1,96.478,13.639Zm3.291.205q0,2.813,1.641,2.813a1.62,1.62,0,0,0,1.563-.918V11.715a1.576,1.576,0,0,0-1.543-.937q-1.523,0-1.65,2.461Zm14.668,4.014a3.393,3.393,0,0,1-2.822,1.338,3.328,3.328,0,0,1-2.632-1.011,4.251,4.251,0,0,1-.894-2.905V8.434h3.291V15.3a1.183,1.183,0,0,0,1.318,1.357,1.72,1.72,0,0,0,1.611-.811V8.434h3.311V19h-3.086ZM122.894,19h-3.3V4h3.3Zm1.611-5.381a6.236,6.236,0,0,1,.615-2.817,4.4,4.4,0,0,1,1.768-1.9,5.323,5.323,0,0,1,2.705-.664,4.858,4.858,0,0,1,3.74,1.47,5.64,5.64,0,0,1,1.367,4v.117a5.472,5.472,0,0,1-1.372,3.921,4.871,4.871,0,0,1-3.716,1.45,4.927,4.927,0,0,1-3.623-1.353,5.29,5.29,0,0,1-1.475-3.667Zm3.291.205a3.932,3.932,0,0,0,.459,2.148,1.529,1.529,0,0,0,1.357.684q1.758,0,1.8-2.705v-.332q0-2.842-1.816-2.842-1.65,0-1.787,2.451ZM148.372,19h-3.3V8.492l-3.242.947v-2.5l6.24-2.158h.3ZM26.873,41.488a5.231,5.231,0,0,1-1.665,3.481A5.457,5.457,0,0,1,21.482,46.2a5.01,5.01,0,0,1-4.038-1.807,7.268,7.268,0,0,1-1.519-4.834V38.188a8.1,8.1,0,0,1,.708-3.486,5.288,5.288,0,0,1,2.007-2.31,5.588,5.588,0,0,1,3.008-.806,5.138,5.138,0,0,1,3.633,1.265,5.294,5.294,0,0,1,1.592,3.5H24.988a4.085,4.085,0,0,0-1.06-2.468,3.206,3.206,0,0,0-2.28-.764,3.355,3.355,0,0,0-2.817,1.329,6.1,6.1,0,0,0-1.021,3.782v1.378a6.273,6.273,0,0,0,.967,3.685,3.124,3.124,0,0,0,2.705,1.368,3.608,3.608,0,0,0,2.4-.708,3.929,3.929,0,0,0,1.108-2.466Zm1.8-.869a6.241,6.241,0,0,1,.61-2.793,4.553,4.553,0,0,1,1.7-1.914,4.626,4.626,0,0,1,2.485-.674,4.456,4.456,0,0,1,3.491,1.494,5.748,5.748,0,0,1,1.333,3.975v.127A6.3,6.3,0,0,1,37.7,43.6a4.486,4.486,0,0,1-1.689,1.909,4.679,4.679,0,0,1-2.524.684A4.445,4.445,0,0,1,30,44.7a5.719,5.719,0,0,1-1.333-3.955Zm1.816.215a4.52,4.52,0,0,0,.815,2.822,2.763,2.763,0,0,0,4.37-.015,4.943,4.943,0,0,0,.811-3.022,4.513,4.513,0,0,0-.825-2.817,2.623,2.623,0,0,0-2.192-1.079,2.594,2.594,0,0,0-2.158,1.064A4.906,4.906,0,0,0,30.486,40.834Zm15.176-3.779a5.414,5.414,0,0,0-.889-.068A2.381,2.381,0,0,0,42.361,38.5V46H40.555V35.434h1.758l.029,1.221a2.813,2.813,0,0,1,2.52-1.416,1.846,1.846,0,0,1,.8.137Zm4.6-4.18v2.559h1.973v1.4H50.262v6.561a1.467,1.467,0,0,0,.264.953,1.11,1.11,0,0,0,.9.318,4.374,4.374,0,0,0,.859-.117V46A5.268,5.268,0,0,1,50.9,46.2a2.25,2.25,0,0,1-1.826-.732,3.147,3.147,0,0,1-.615-2.08V36.83H46.531v-1.4h1.924V32.875ZM58.729,46.2a4.617,4.617,0,0,1-3.5-1.411,5.237,5.237,0,0,1-1.348-3.774v-.332a6.341,6.341,0,0,1,.6-2.808,4.685,4.685,0,0,1,1.68-1.934,4.223,4.223,0,0,1,2.339-.7,3.957,3.957,0,0,1,3.2,1.357,5.877,5.877,0,0,1,1.143,3.887v.752H55.691a3.756,3.756,0,0,0,.913,2.524,2.87,2.87,0,0,0,2.222.962,3.147,3.147,0,0,0,1.621-.391,4.073,4.073,0,0,0,1.162-1.035l1.1.859A4.437,4.437,0,0,1,58.729,46.2ZM58.5,36.723a2.41,2.41,0,0,0-1.836.8,3.868,3.868,0,0,0-.918,2.231h5.293v-.137a3.441,3.441,0,0,0-.742-2.134A2.269,2.269,0,0,0,58.5,36.723Zm6.377,12.109-1.025-.7a4.712,4.712,0,0,0,.957-2.637V43.861H66.58v1.416A4.448,4.448,0,0,1,66.1,47.25,4.618,4.618,0,0,1,64.881,48.832ZM75.623,36.713a3.841,3.841,0,0,1,3.125-1.475q3.35,0,3.379,3.779V46H80.32V39.008a2.432,2.432,0,0,0-.522-1.689,2.094,2.094,0,0,0-1.6-.547,2.607,2.607,0,0,0-1.543.469,3.183,3.183,0,0,0-1.035,1.23V46H73.816V31h1.807ZM89.217,46.2a4.617,4.617,0,0,1-3.5-1.411,5.237,5.237,0,0,1-1.348-3.774v-.332a6.341,6.341,0,0,1,.6-2.808,4.685,4.685,0,0,1,1.68-1.934,4.223,4.223,0,0,1,2.339-.7A3.957,3.957,0,0,1,92.2,36.6a5.877,5.877,0,0,1,1.143,3.887v.752H86.18a3.756,3.756,0,0,0,.913,2.524,2.87,2.87,0,0,0,2.222.962,3.147,3.147,0,0,0,1.621-.391A4.073,4.073,0,0,0,92.1,43.295l1.1.859A4.437,4.437,0,0,1,89.217,46.2Zm-.225-9.473a2.41,2.41,0,0,0-1.836.8,3.869,3.869,0,0,0-.918,2.231h5.293v-.137a3.441,3.441,0,0,0-.742-2.134A2.269,2.269,0,0,0,88.992,36.723Zm11.543.332a5.414,5.414,0,0,0-.889-.068A2.381,2.381,0,0,0,97.234,38.5V46H95.428V35.434h1.758l.029,1.221a2.813,2.813,0,0,1,2.52-1.416,1.846,1.846,0,0,1,.8.137Zm6.768,0a5.414,5.414,0,0,0-.889-.068A2.381,2.381,0,0,0,104,38.5V46H102.2V35.434h1.758l.029,1.221a2.813,2.813,0,0,1,2.52-1.416,1.846,1.846,0,0,1,.8.137ZM115.1,46a3.8,3.8,0,0,1-.254-1.113,4.031,4.031,0,0,1-3.008,1.309,3.73,3.73,0,0,1-2.563-.884,2.859,2.859,0,0,1-1-2.241,2.987,2.987,0,0,1,1.255-2.563,5.916,5.916,0,0,1,3.53-.913h1.758v-.83a2.029,2.029,0,0,0-.566-1.509,2.276,2.276,0,0,0-1.67-.562,2.634,2.634,0,0,0-1.621.488,1.439,1.439,0,0,0-.654,1.182h-1.816a2.493,2.493,0,0,1,.562-1.528,3.832,3.832,0,0,1,1.523-1.167,5.125,5.125,0,0,1,2.114-.43,4.177,4.177,0,0,1,2.861.913,3.294,3.294,0,0,1,1.074,2.515v4.863a5.946,5.946,0,0,0,.371,2.314V46Zm-3-1.377a3.175,3.175,0,0,0,1.611-.439,2.658,2.658,0,0,0,1.1-1.143V40.873H113.4q-3.32,0-3.32,1.943a1.645,1.645,0,0,0,.566,1.328A2.177,2.177,0,0,0,112.1,44.623Zm9.053-9.189.049,1.172a3.9,3.9,0,0,1,3.135-1.367,3.021,3.021,0,0,1,3.018,1.7,4,4,0,0,1,1.372-1.23,4.052,4.052,0,0,1,2-.469q3.477,0,3.535,3.682V46h-1.807V39.027a2.426,2.426,0,0,0-.518-1.694,2.279,2.279,0,0,0-1.738-.562,2.4,2.4,0,0,0-1.67.6,2.436,2.436,0,0,0-.771,1.616V46h-1.816V39.076a2.016,2.016,0,0,0-2.256-2.3,2.417,2.417,0,0,0-2.432,1.514V46h-1.807V35.434ZM138.943,46h-1.807V35.434h1.807ZM136.99,32.631a1.078,1.078,0,0,1,.269-.742,1.008,1.008,0,0,1,.8-.3,1.024,1.024,0,0,1,.8.3,1.067,1.067,0,0,1,.273.742,1.032,1.032,0,0,1-.273.732,1.043,1.043,0,0,1-.8.293,1.026,1.026,0,0,1-.8-.293A1.043,1.043,0,0,1,136.99,32.631ZM146.219,46.2a4.617,4.617,0,0,1-3.5-1.411,5.237,5.237,0,0,1-1.348-3.774v-.332a6.341,6.341,0,0,1,.6-2.808,4.685,4.685,0,0,1,1.68-1.934,4.223,4.223,0,0,1,2.339-.7,3.957,3.957,0,0,1,3.2,1.357,5.877,5.877,0,0,1,1.143,3.887v.752h-7.158a3.756,3.756,0,0,0,.913,2.524,2.87,2.87,0,0,0,2.222.962,3.147,3.147,0,0,0,1.621-.391,4.073,4.073,0,0,0,1.162-1.035l1.1.859A4.437,4.437,0,0,1,146.219,46.2Zm-.225-9.473a2.41,2.41,0,0,0-1.836.8,3.868,3.868,0,0,0-.918,2.231h5.293v-.137a3.441,3.441,0,0,0-.742-2.134A2.269,2.269,0,0,0,145.994,36.723Zm8.145-1.289.059,1.328a3.851,3.851,0,0,1,3.164-1.523q3.35,0,3.379,3.779V46h-1.807V39.008a2.433,2.433,0,0,0-.522-1.689,2.094,2.094,0,0,0-1.6-.547,2.607,2.607,0,0,0-1.543.469,3.183,3.183,0,0,0-1.035,1.23V46H152.43V35.434Zm11.777-2.559v2.559h1.973v1.4h-1.973v6.561a1.467,1.467,0,0,0,.264.953,1.11,1.11,0,0,0,.9.318,4.374,4.374,0,0,0,.859-.117V46a5.268,5.268,0,0,1-1.387.194,2.25,2.25,0,0,1-1.826-.732,3.147,3.147,0,0,1-.615-2.08V36.83h-1.924v-1.4h1.924V32.875ZM176.521,46a3.8,3.8,0,0,1-.254-1.113A4.031,4.031,0,0,1,173.26,46.2a3.73,3.73,0,0,1-2.563-.884,2.859,2.859,0,0,1-1-2.241,2.987,2.987,0,0,1,1.255-2.563,5.916,5.916,0,0,1,3.53-.913h1.758v-.83a2.029,2.029,0,0,0-.566-1.509,2.276,2.276,0,0,0-1.67-.562,2.634,2.634,0,0,0-1.621.488,1.439,1.439,0,0,0-.654,1.182H169.91a2.493,2.493,0,0,1,.562-1.528A3.832,3.832,0,0,1,172,35.668a5.125,5.125,0,0,1,2.114-.43,4.177,4.177,0,0,1,2.861.913,3.294,3.294,0,0,1,1.074,2.515v4.863a5.946,5.946,0,0,0,.371,2.314V46Zm-3-1.377a3.175,3.175,0,0,0,1.611-.439,2.658,2.658,0,0,0,1.1-1.143V40.873h-1.416q-3.32,0-3.32,1.943a1.645,1.645,0,0,0,.566,1.328A2.177,2.177,0,0,0,173.523,44.623ZM187.029,43.2a1.33,1.33,0,0,0-.552-1.138,5.311,5.311,0,0,0-1.924-.7,9.1,9.1,0,0,1-2.178-.7,3.1,3.1,0,0,1-1.191-.977,2.336,2.336,0,0,1-.386-1.348,2.741,2.741,0,0,1,1.1-2.2,4.291,4.291,0,0,1,2.808-.9,4.415,4.415,0,0,1,2.915.928,2.947,2.947,0,0,1,1.118,2.373h-1.816a1.631,1.631,0,0,0-.63-1.279,2.36,2.36,0,0,0-1.587-.537,2.47,2.47,0,0,0-1.543.43,1.353,1.353,0,0,0-.557,1.123,1.1,1.1,0,0,0,.518.986,6.368,6.368,0,0,0,1.87.635,9.744,9.744,0,0,1,2.192.723,3.2,3.2,0,0,1,1.245,1.011,2.485,2.485,0,0,1,.405,1.44,2.7,2.7,0,0,1-1.133,2.271,4.752,4.752,0,0,1-2.939.854,5.321,5.321,0,0,1-2.246-.449,3.653,3.653,0,0,1-1.528-1.255,3.025,3.025,0,0,1-.552-1.743h1.807a1.87,1.87,0,0,0,.728,1.44,2.822,2.822,0,0,0,1.792.532,2.913,2.913,0,0,0,1.646-.415A1.275,1.275,0,0,0,187.029,43.2Zm12.568.156,2.461-7.92h1.934l-4.248,12.2q-.986,2.637-3.135,2.637l-.342-.029-.674-.127V48.646l.488.039a2.4,2.4,0,0,0,1.431-.371,2.686,2.686,0,0,0,.845-1.357l.4-1.074-3.77-10.449h1.973ZM68.626,62.434l.049,1.172a3.9,3.9,0,0,1,3.135-1.367,3.021,3.021,0,0,1,3.018,1.7,4,4,0,0,1,1.372-1.23,4.052,4.052,0,0,1,2-.469q3.477,0,3.535,3.682V73H79.925V66.027a2.426,2.426,0,0,0-.518-1.694,2.279,2.279,0,0,0-1.738-.562,2.4,2.4,0,0,0-1.67.6,2.436,2.436,0,0,0-.771,1.616V73H73.411V66.076a2.016,2.016,0,0,0-2.256-2.3,2.417,2.417,0,0,0-2.432,1.514V73H66.917V62.434ZM90.979,73a3.8,3.8,0,0,1-.254-1.113A4.031,4.031,0,0,1,87.718,73.2a3.73,3.73,0,0,1-2.563-.884,2.859,2.859,0,0,1-1-2.241,2.987,2.987,0,0,1,1.255-2.563,5.916,5.916,0,0,1,3.53-.913H90.7v-.83a2.029,2.029,0,0,0-.566-1.509,2.276,2.276,0,0,0-1.67-.562,2.634,2.634,0,0,0-1.621.488,1.439,1.439,0,0,0-.654,1.182H84.368a2.493,2.493,0,0,1,.562-1.528,3.832,3.832,0,0,1,1.523-1.167,5.125,5.125,0,0,1,2.114-.43,4.177,4.177,0,0,1,2.861.913A3.294,3.294,0,0,1,92.5,65.666v4.863a5.946,5.946,0,0,0,.371,2.314V73Zm-3-1.377a3.175,3.175,0,0,0,1.611-.439,2.658,2.658,0,0,0,1.1-1.143V67.873H89.28q-3.32,0-3.32,1.943a1.645,1.645,0,0,0,.566,1.328A2.177,2.177,0,0,0,87.981,71.623ZM89.651,58h2.188l-2.617,2.871-1.455,0ZM94.9,67.629a6.2,6.2,0,0,1,1.143-3.94,4.032,4.032,0,0,1,6.025-.19l.078-1.064h1.66V77.063H102V72.023a3.792,3.792,0,0,1-2.91,1.172,3.644,3.644,0,0,1-3.052-1.489,6.34,6.34,0,0,1-1.138-3.95Zm1.807.205a4.7,4.7,0,0,0,.767,2.852,2.438,2.438,0,0,0,2.065,1.035A2.705,2.705,0,0,0,102,70.295V65.119a2.714,2.714,0,0,0-2.441-1.4,2.457,2.457,0,0,0-2.08,1.04A5.118,5.118,0,0,0,96.7,67.834Zm16.523,4.121a3.837,3.837,0,0,1-3.1,1.24,3.285,3.285,0,0,1-2.573-.981,4.248,4.248,0,0,1-.894-2.905V62.434h1.807V69.26q0,2.4,1.953,2.4a2.7,2.7,0,0,0,2.754-1.543V62.434h1.807V73h-1.719ZM119.69,73h-1.807V62.434h1.807Zm-1.953-13.369a1.078,1.078,0,0,1,.269-.742,1.008,1.008,0,0,1,.8-.3,1.024,1.024,0,0,1,.8.3,1.067,1.067,0,0,1,.273.742,1.032,1.032,0,0,1-.273.732,1.043,1.043,0,0,1-.8.293,1.026,1.026,0,0,1-.8-.293A1.043,1.043,0,0,1,117.737,59.631Zm6.553,2.8.059,1.328a3.85,3.85,0,0,1,3.164-1.523q3.35,0,3.379,3.779V73h-1.807V66.008a2.433,2.433,0,0,0-.522-1.689,2.094,2.094,0,0,0-1.6-.547,2.607,2.607,0,0,0-1.543.469,3.183,3.183,0,0,0-1.035,1.23V73h-1.807V62.434ZM140.14,73a3.8,3.8,0,0,1-.254-1.113,4.031,4.031,0,0,1-3.008,1.309,3.73,3.73,0,0,1-2.563-.884,2.859,2.859,0,0,1-1-2.241,2.987,2.987,0,0,1,1.255-2.563,5.916,5.916,0,0,1,3.53-.913h1.758v-.83a2.029,2.029,0,0,0-.566-1.509,2.276,2.276,0,0,0-1.67-.562,2.634,2.634,0,0,0-1.621.488,1.439,1.439,0,0,0-.654,1.182h-1.816a2.493,2.493,0,0,1,.562-1.528,3.832,3.832,0,0,1,1.523-1.167,5.125,5.125,0,0,1,2.114-.43,4.177,4.177,0,0,1,2.861.913,3.294,3.294,0,0,1,1.074,2.515v4.863a5.946,5.946,0,0,0,.371,2.314V73Zm-3-1.377a3.175,3.175,0,0,0,1.611-.439,2.658,2.658,0,0,0,1.1-1.143V67.873H138.44q-3.32,0-3.32,1.943a1.645,1.645,0,0,0,.566,1.328A2.177,2.177,0,0,0,137.142,71.623ZM150.647,70.2a1.33,1.33,0,0,0-.552-1.138,5.311,5.311,0,0,0-1.924-.7,9.1,9.1,0,0,1-2.178-.7,3.1,3.1,0,0,1-1.191-.977,2.336,2.336,0,0,1-.386-1.348,2.741,2.741,0,0,1,1.1-2.2,4.291,4.291,0,0,1,2.808-.9,4.415,4.415,0,0,1,2.915.928,2.947,2.947,0,0,1,1.118,2.373H150.54a1.631,1.631,0,0,0-.63-1.279,2.36,2.36,0,0,0-1.587-.537,2.47,2.47,0,0,0-1.543.43,1.353,1.353,0,0,0-.557,1.123,1.1,1.1,0,0,0,.518.986,6.368,6.368,0,0,0,1.87.635,9.744,9.744,0,0,1,2.192.723,3.2,3.2,0,0,1,1.245,1.011,2.485,2.485,0,0,1,.405,1.44,2.7,2.7,0,0,1-1.133,2.271,4.752,4.752,0,0,1-2.939.854,5.321,5.321,0,0,1-2.246-.449,3.653,3.653,0,0,1-1.528-1.255,3.025,3.025,0,0,1-.552-1.743h1.807a1.87,1.87,0,0,0,.728,1.44,2.822,2.822,0,0,0,1.792.532,2.913,2.913,0,0,0,1.646-.415A1.275,1.275,0,0,0,150.647,70.2Z" transform="translate(206.333 666)" fill="#12263f"/>
    <path id="Trazado_924988" data-name="Trazado 924988" d="M-12196.332-8880.5h-45.66v-1h45.66Z" transform="translate(12691.333 9594)" fill="#12263f"/>
    <path id="Trazado_924991" data-name="Trazado 924991" d="M-12221.992-8880.5h-20v-1h20Z" transform="translate(13031.992 9594)" fill="#12263f"/>
    <path id="Trazado_924994" data-name="Trazado 924994" d="M-12221.991-8880.5h-20v-1h20Z" transform="translate(13031.992 9787)" fill="#12263f"/>
    <path id="Trazado_924992" data-name="Trazado 924992" d="M-11710.824-8743.494h-1V-8880.5h-530.167v-1h531.167Z" transform="translate(13036.325 9456)" fill="#12263f"/>
    <path id="Trazado_924989" data-name="Trazado 924989" d="M-12155-8683.9h-13.808v-335.6H-12155v1h-12.808v333.6H-12155Z" transform="translate(12650 9594)" fill="#12263f"/>
    <path id="Trazado_924990" data-name="Trazado 924990" d="M-12138.976-8905.5h-29.832v-114h29.832v1h-28.832v112h28.832Z" transform="translate(12978.308 9668)" fill="#12263f"/>
    <path id="Trazado_924993" data-name="Trazado 924993" d="M-12138.977-8935.5h-29.832v-84h29.832v1h-28.832v82h28.832Z" transform="translate(12978.309 9883.5)" fill="#12263f"/>
    <path id="Trazado_925336" data-name="Trazado 925336" d="M22,0H349a22,22,0,0,1,0,44H22A22,22,0,0,1,22,0Z" transform="translate(839.333 627)" fill="#81c7c5"/>
    <path id="Trazado_925337" data-name="Trazado 925337" d="M22,0H244a22,22,0,0,1,0,44H22A22,22,0,0,1,22,0Z" transform="translate(839.333 740)" fill="#81c7c5"/>
    <path id="Trazado_925339" data-name="Trazado 925339" d="M5.576,4.781,8.75,14.674l3.164-9.893h4.512V19H12.988V15.68l.332-6.8L9.883,19H7.617L4.17,8.873,4.5,15.68V19H1.074V4.781ZM24.4,19a3.716,3.716,0,0,1-.312-.947A3.06,3.06,0,0,1,21.553,19.2a3.749,3.749,0,0,1-2.539-.9,2.875,2.875,0,0,1-1.045-2.271,2.955,2.955,0,0,1,1.27-2.6,6.468,6.468,0,0,1,3.691-.879h1.016v-.559q0-1.462-1.26-1.462a1.03,1.03,0,0,0-1.172,1.158H18.223a2.95,2.95,0,0,1,1.3-2.487,5.479,5.479,0,0,1,3.325-.956,4.8,4.8,0,0,1,3.193.986,3.429,3.429,0,0,1,1.2,2.705v4.678a4.79,4.79,0,0,0,.449,2.227V19Zm-2.061-2.148a1.836,1.836,0,0,0,1.021-.264,1.653,1.653,0,0,0,.581-.6V14.3h-.957q-1.719,0-1.719,1.543a.942.942,0,0,0,.3.728A1.1,1.1,0,0,0,22.344,16.852ZM23.164,4h3.477L23.926,7.066l-2.686,0Zm5.488,9.609a6.343,6.343,0,0,1,1.094-3.945,3.592,3.592,0,0,1,3.018-1.426,3.068,3.068,0,0,1,2.6,1.328L35.6,8.434h2.852V23.063h-3.3V18.121a3.063,3.063,0,0,1-2.4,1.074,3.561,3.561,0,0,1-2.983-1.45A6.7,6.7,0,0,1,28.652,13.609Zm3.291.205q0,2.842,1.641,2.842a1.589,1.589,0,0,0,1.563-.859v-4.18a1.555,1.555,0,0,0-1.543-.84q-1.533,0-1.65,2.451ZM46.6,17.857A3.393,3.393,0,0,1,43.779,19.2a3.328,3.328,0,0,1-2.632-1.011,4.251,4.251,0,0,1-.894-2.905V8.434h3.291V15.3a1.183,1.183,0,0,0,1.318,1.357,1.72,1.72,0,0,0,1.611-.811V8.434h3.311V19H46.7ZM55.059,19h-3.3V8.434h3.3Zm-3.5-13.291a1.469,1.469,0,0,1,.508-1.152,2.159,2.159,0,0,1,2.637,0,1.469,1.469,0,0,1,.508,1.152,1.469,1.469,0,0,1-.508,1.152,2.159,2.159,0,0,1-2.637,0A1.469,1.469,0,0,1,51.563,5.709Zm8.545,2.725.107,1.24a3.583,3.583,0,0,1,3.018-1.436,3.015,3.015,0,0,1,2.466.986,4.7,4.7,0,0,1,.845,2.969V19h-3.3V12.33a1.783,1.783,0,0,0-.322-1.177,1.491,1.491,0,0,0-1.172-.376,1.569,1.569,0,0,0-1.436.762V19H57.021V8.434ZM74.316,19A3.716,3.716,0,0,1,74,18.053,3.06,3.06,0,0,1,71.465,19.2a3.749,3.749,0,0,1-2.539-.9,2.875,2.875,0,0,1-1.045-2.271,2.955,2.955,0,0,1,1.27-2.6,6.468,6.468,0,0,1,3.691-.879h1.016v-.559q0-1.462-1.26-1.462a1.03,1.03,0,0,0-1.172,1.158H68.135a2.95,2.95,0,0,1,1.3-2.487,5.479,5.479,0,0,1,3.325-.956,4.8,4.8,0,0,1,3.193.986,3.429,3.429,0,0,1,1.2,2.705v4.678a4.79,4.79,0,0,0,.449,2.227V19Zm-2.061-2.148a1.836,1.836,0,0,0,1.021-.264,1.653,1.653,0,0,0,.581-.6V14.3H72.9q-1.719,0-1.719,1.543a.942.942,0,0,0,.3.728A1.1,1.1,0,0,0,72.256,16.852ZM93.77,13.795a6.372,6.372,0,0,1-1.108,3.931,3.554,3.554,0,0,1-2.993,1.47,3.046,3.046,0,0,1-2.393-1.064v4.932H83.984V8.434h3.076l.1.977a3.046,3.046,0,0,1,2.49-1.172,3.582,3.582,0,0,1,3.037,1.44,6.45,6.45,0,0,1,1.084,3.96Zm-3.291-.205q0-2.812-1.641-2.812a1.549,1.549,0,0,0-1.562.84v4.16a1.6,1.6,0,0,0,1.582.879q1.572,0,1.621-2.715ZM98.691,19h-3.3V4h3.3Zm7.979,0a3.716,3.716,0,0,1-.312-.947,3.06,3.06,0,0,1-2.539,1.143,3.749,3.749,0,0,1-2.539-.9,2.875,2.875,0,0,1-1.045-2.271,2.955,2.955,0,0,1,1.27-2.6,6.468,6.468,0,0,1,3.691-.879h1.016v-.559q0-1.462-1.26-1.462a1.03,1.03,0,0,0-1.172,1.158h-3.291a2.95,2.95,0,0,1,1.3-2.487,5.479,5.479,0,0,1,3.325-.956,4.8,4.8,0,0,1,3.193.986,3.429,3.429,0,0,1,1.2,2.705v4.678a4.79,4.79,0,0,0,.449,2.227V19Zm-2.061-2.148a1.836,1.836,0,0,0,1.021-.264,1.653,1.653,0,0,0,.581-.6V14.3h-.957q-1.719,0-1.719,1.543a.942.942,0,0,0,.3.728A1.1,1.1,0,0,0,104.609,16.852Zm9.746-8.418.107,1.24a3.583,3.583,0,0,1,3.018-1.436,3.015,3.015,0,0,1,2.466.986,4.7,4.7,0,0,1,.845,2.969V19h-3.3V12.33a1.783,1.783,0,0,0-.322-1.177A1.491,1.491,0,0,0,116,10.777a1.569,1.569,0,0,0-1.436.762V19H111.27V8.434ZM128.564,19a3.716,3.716,0,0,1-.312-.947,3.06,3.06,0,0,1-2.539,1.143,3.749,3.749,0,0,1-2.539-.9,2.875,2.875,0,0,1-1.045-2.271,2.955,2.955,0,0,1,1.27-2.6,6.468,6.468,0,0,1,3.691-.879h1.016v-.559q0-1.462-1.26-1.462a1.03,1.03,0,0,0-1.172,1.158h-3.291a2.95,2.95,0,0,1,1.3-2.487,5.479,5.479,0,0,1,3.325-.956,4.8,4.8,0,0,1,3.193.986,3.429,3.429,0,0,1,1.2,2.705v4.678a4.79,4.79,0,0,0,.449,2.227V19ZM126.5,16.852a1.836,1.836,0,0,0,1.021-.264,1.653,1.653,0,0,0,.581-.6V14.3h-.957q-1.719,0-1.719,1.543a.942.942,0,0,0,.3.728A1.1,1.1,0,0,0,126.5,16.852ZM141.68,19h-3.3V8.434h3.3Zm-3.5-13.291a1.469,1.469,0,0,1,.508-1.152,2.159,2.159,0,0,1,2.637,0,1.469,1.469,0,0,1,.508,1.152,1.469,1.469,0,0,1-.508,1.152,2.159,2.159,0,0,1-2.637,0A1.469,1.469,0,0,1,138.184,5.709Zm8.545,2.725.107,1.24a3.583,3.583,0,0,1,3.018-1.436,3.015,3.015,0,0,1,2.466.986,4.7,4.7,0,0,1,.845,2.969V19h-3.3V12.33a1.783,1.783,0,0,0-.322-1.177,1.491,1.491,0,0,0-1.172-.376,1.569,1.569,0,0,0-1.436.762V19h-3.291V8.434Zm7.842,5.205a6.455,6.455,0,0,1,1.084-3.955,3.568,3.568,0,0,1,3.027-1.445,3.035,3.035,0,0,1,2.383,1.113V4h3.3V19h-2.959l-.166-1.133a3.116,3.116,0,0,1-2.578,1.328,3.562,3.562,0,0,1-2.988-1.445A6.659,6.659,0,0,1,154.57,13.639Zm3.291.205q0,2.813,1.641,2.813a1.62,1.62,0,0,0,1.563-.918V11.715a1.576,1.576,0,0,0-1.543-.937q-1.523,0-1.65,2.461Zm14.668,4.014a3.393,3.393,0,0,1-2.822,1.338,3.328,3.328,0,0,1-2.632-1.011,4.251,4.251,0,0,1-.894-2.905V8.434h3.291V15.3a1.183,1.183,0,0,0,1.318,1.357,1.72,1.72,0,0,0,1.611-.811V8.434h3.311V19h-3.086Zm10.518-1.826a.76.76,0,0,0-.439-.674,6.685,6.685,0,0,0-1.67-.527,7.615,7.615,0,0,1-2.031-.718,3.4,3.4,0,0,1-1.221-1.079,2.577,2.577,0,0,1-.42-1.455,2.92,2.92,0,0,1,1.2-2.4,4.948,4.948,0,0,1,3.145-.942,5.482,5.482,0,0,1,3.359.947,2.962,2.962,0,0,1,1.27,2.49h-3.3q0-1.27-1.338-1.27a1.326,1.326,0,0,0-.869.288.892.892,0,0,0-.352.718.819.819,0,0,0,.43.713,4.06,4.06,0,0,0,1.372.449,11.857,11.857,0,0,1,1.655.42,3.007,3.007,0,0,1,2.383,2.939,2.767,2.767,0,0,1-1.284,2.354,5.632,5.632,0,0,1-3.325.908,5.747,5.747,0,0,1-2.422-.488,4.05,4.05,0,0,1-1.66-1.328,3.007,3.007,0,0,1-.6-1.768h3.076a1.272,1.272,0,0,0,.488,1.069,2.009,2.009,0,0,0,1.2.337,1.58,1.58,0,0,0,1.011-.273A.875.875,0,0,0,183.047,16.031Zm8.545-10.225V8.434h1.738v2.285h-1.738v4.834a1.234,1.234,0,0,0,.215.83,1.152,1.152,0,0,0,.85.234,4.828,4.828,0,0,0,.82-.059v2.354a6.074,6.074,0,0,1-1.855.283,3.448,3.448,0,0,1-2.51-.8,3.282,3.282,0,0,1-.811-2.432V10.719h-1.348V8.434H188.3V5.807Zm9.424,5.605-1.084-.078a1.947,1.947,0,0,0-1.992.977V19h-3.291V8.434h3.086l.107,1.357a2.548,2.548,0,0,1,2.314-1.553,3.209,3.209,0,0,1,.918.117ZM205.674,19h-3.3V8.434h3.3Zm-3.5-13.291a1.469,1.469,0,0,1,.508-1.152,2.159,2.159,0,0,1,2.637,0,1.469,1.469,0,0,1,.508,1.152,1.469,1.469,0,0,1-.508,1.152,2.159,2.159,0,0,1-2.637,0A1.469,1.469,0,0,1,202.178,5.709ZM213.652,19a3.716,3.716,0,0,1-.312-.947A3.06,3.06,0,0,1,210.8,19.2a3.749,3.749,0,0,1-2.539-.9,2.875,2.875,0,0,1-1.045-2.271,2.955,2.955,0,0,1,1.27-2.6,6.468,6.468,0,0,1,3.691-.879h1.016v-.559q0-1.462-1.26-1.462a1.03,1.03,0,0,0-1.172,1.158h-3.291a2.95,2.95,0,0,1,1.3-2.487,5.479,5.479,0,0,1,3.325-.956,4.8,4.8,0,0,1,3.193.986,3.429,3.429,0,0,1,1.2,2.705v4.678a4.79,4.79,0,0,0,.449,2.227V19Zm-2.061-2.148a1.836,1.836,0,0,0,1.021-.264,1.653,1.653,0,0,0,.581-.6V14.3h-.957q-1.719,0-1.719,1.543a.942.942,0,0,0,.3.728A1.1,1.1,0,0,0,211.592,16.852ZM221.787,19h-3.3V4h3.3Z" transform="translate(871.333 637)" fill="#12263f"/>
    <path id="Trazado_925340" data-name="Trazado 925340" d="M10.743,13.336H5.216V19H1.788V4.781H11.3V7.428H5.216V10.7h5.527ZM16.046,19h-3.3V8.434h3.3ZM12.55,5.709a1.469,1.469,0,0,1,.508-1.152,1.916,1.916,0,0,1,1.318-.449,1.916,1.916,0,0,1,1.318.449A1.469,1.469,0,0,1,16.2,5.709a1.469,1.469,0,0,1-.508,1.152,1.916,1.916,0,0,1-1.318.449,1.916,1.916,0,0,1-1.318-.449A1.469,1.469,0,0,1,12.55,5.709ZM21.544,19h-3.3V4h3.3Zm7.139.2a5.432,5.432,0,0,1-3.936-1.45,5.008,5.008,0,0,1-1.5-3.774V13.7a6.489,6.489,0,0,1,.6-2.861A4.395,4.395,0,0,1,25.6,8.917a5.292,5.292,0,0,1,2.734-.679A4.574,4.574,0,0,1,31.847,9.62a5.43,5.43,0,0,1,1.289,3.853v1.279H26.593a2.372,2.372,0,0,0,.771,1.4,2.3,2.3,0,0,0,1.543.508,2.958,2.958,0,0,0,2.441-1.094l1.5,1.777a4.2,4.2,0,0,1-1.743,1.353A5.891,5.891,0,0,1,28.683,19.2Zm-.371-8.418q-1.445,0-1.719,1.914h3.32v-.254a1.63,1.63,0,0,0-.4-1.226A1.593,1.593,0,0,0,28.312,10.777Zm9.98-4.971V8.434H40.03v2.285H38.292v4.834a1.234,1.234,0,0,0,.215.83,1.152,1.152,0,0,0,.85.234,4.828,4.828,0,0,0,.82-.059v2.354a6.074,6.074,0,0,1-1.855.283,3.448,3.448,0,0,1-2.51-.8A3.282,3.282,0,0,1,35,15.963V10.719H33.653V8.434H35V5.807ZM46.437,19.2a5.432,5.432,0,0,1-3.936-1.45A5.008,5.008,0,0,1,41,13.971V13.7a6.489,6.489,0,0,1,.6-2.861,4.395,4.395,0,0,1,1.753-1.919,5.292,5.292,0,0,1,2.734-.679A4.574,4.574,0,0,1,49.6,9.62a5.43,5.43,0,0,1,1.289,3.853v1.279H44.347a2.372,2.372,0,0,0,.771,1.4,2.3,2.3,0,0,0,1.543.508A2.958,2.958,0,0,0,49.1,15.563l1.5,1.777a4.2,4.2,0,0,1-1.743,1.353A5.891,5.891,0,0,1,46.437,19.2Zm-.371-8.418q-1.445,0-1.719,1.914h3.32v-.254a1.63,1.63,0,0,0-.4-1.226A1.593,1.593,0,0,0,46.065,10.777ZM58.165,19a3.716,3.716,0,0,1-.312-.947A3.06,3.06,0,0,1,55.313,19.2a3.749,3.749,0,0,1-2.539-.9,2.875,2.875,0,0,1-1.045-2.271,2.955,2.955,0,0,1,1.27-2.6,6.468,6.468,0,0,1,3.691-.879h1.016v-.559q0-1.462-1.26-1.462a1.03,1.03,0,0,0-1.172,1.158H51.983a2.95,2.95,0,0,1,1.3-2.487,5.479,5.479,0,0,1,3.325-.956,4.8,4.8,0,0,1,3.193.986,3.429,3.429,0,0,1,1.2,2.705v4.678a4.79,4.79,0,0,0,.449,2.227V19ZM56.1,16.852a1.836,1.836,0,0,0,1.021-.264,1.653,1.653,0,0,0,.581-.6V14.3h-.957q-1.719,0-1.719,1.543a.942.942,0,0,0,.3.728A1.1,1.1,0,0,0,56.1,16.852Zm6.309-3.213A6.455,6.455,0,0,1,63.5,9.684a3.568,3.568,0,0,1,3.027-1.445,3.035,3.035,0,0,1,2.383,1.113V4h3.3V19H69.249l-.166-1.133A3.116,3.116,0,0,1,66.5,19.2a3.562,3.562,0,0,1-2.988-1.445A6.659,6.659,0,0,1,62.413,13.639Zm3.291.205q0,2.813,1.641,2.813a1.62,1.62,0,0,0,1.563-.918V11.715a1.576,1.576,0,0,0-1.543-.937q-1.523,0-1.65,2.461Zm7.959-.225a6.236,6.236,0,0,1,.615-2.817,4.4,4.4,0,0,1,1.768-1.9,5.323,5.323,0,0,1,2.705-.664,4.858,4.858,0,0,1,3.74,1.47,5.64,5.64,0,0,1,1.367,4v.117a5.472,5.472,0,0,1-1.372,3.921,4.871,4.871,0,0,1-3.716,1.45,4.927,4.927,0,0,1-3.623-1.353,5.29,5.29,0,0,1-1.475-3.667Zm3.291.205a3.932,3.932,0,0,0,.459,2.148,1.529,1.529,0,0,0,1.357.684q1.758,0,1.8-2.705v-.332q0-2.842-1.816-2.842-1.65,0-1.787,2.451ZM91.7,11.412l-1.084-.078a1.947,1.947,0,0,0-1.992.977V19H85.333V8.434h3.086l.107,1.357a2.548,2.548,0,0,1,2.314-1.553,3.209,3.209,0,0,1,.918.117ZM98.546,19a3.716,3.716,0,0,1-.312-.947A3.06,3.06,0,0,1,95.694,19.2a3.749,3.749,0,0,1-2.539-.9,2.875,2.875,0,0,1-1.045-2.271,2.955,2.955,0,0,1,1.27-2.6,6.468,6.468,0,0,1,3.691-.879h1.016v-.559q0-1.462-1.26-1.462a1.03,1.03,0,0,0-1.172,1.158H92.364a2.95,2.95,0,0,1,1.3-2.487,5.479,5.479,0,0,1,3.325-.956,4.8,4.8,0,0,1,3.193.986,3.429,3.429,0,0,1,1.2,2.705v4.678a4.79,4.79,0,0,0,.449,2.227V19Zm-2.061-2.148a1.836,1.836,0,0,0,1.021-.264,1.653,1.653,0,0,0,.581-.6V14.3H97.13q-1.719,0-1.719,1.543a.942.942,0,0,0,.3.728A1.1,1.1,0,0,0,96.485,16.852Z" transform="translate(871.333 750)" fill="#12263f"/>
  </g>
</svg>
